2.0 -0.028536729432 -0.049619480732
2.2 -0.027345534015 -0.047331811139
2.4 -0.026305218088 -0.044889673440
2.6 -0.025400813134 -0.042466646253
2.8 -0.024617283264 -0.040206592336
3.0 -0.023942501340 -0.038167203197
3.2 -0.023367224396 -0.036346276453
3.4 -0.022884291053 -0.034713176181
3.6 -0.022487149903 -0.033228515892
3.8 -0.022167604099 -0.031853656726
4.0 -0.021913612657 -0.020051004307
4.2 -0.021708333495 -0.020250919416
4.4 -0.021530939383 -0.020462051864
4.6 -0.021358824335 -0.020659101381
4.8 -0.021170328818 -0.020819041875
5.0 -0.020947168501 -0.020922682154
5.2 -0.020676095232 -0.020955370717
5.4 -0.020349658537 -0.020907984271
5.6 -0.019966140978 -0.020776874830
5.8 -0.019528834694 -0.020563738775
6.0 -0.019044873699 -0.020274710011
6.2 -0.018523861245 -0.019919247336
6.4 -0.017976522210 -0.019508768709
6.6 -0.017413559134 -0.019055297547
6.8 -0.016844811747 -0.018570425811
7.0 -0.016278740582 -0.018064503065
7.2 -0.015722196606 -0.017546364167
7.4 -0.015180408492 -0.017023246004
7.6 -0.014657112957 -0.016500933280
7.8 -0.014154762817 -0.015983970751
8.0 -0.013674763320 -0.015475882940
8.2 -0.013217703870 -0.014979374343
8.4 -0.012783566333 -0.014496482355
8.6 -0.012371901505 -0.014028716417
8.8 -0.011981972084 -0.013577150844
9.0 -0.011612864362 -0.013142505308
9.2 -0.011263572620 -0.012725194663
9.4 -0.010933060641 -0.012325400106
9.6 -0.010620304603 -0.011943089970
9.8 -0.010324321063 -0.011578062543
10.0 -0.010044183310 -0.011229985296
10.2 -0.009779028820 -0.010898401478
10.4 -0.009528060201 -0.010582787554
10.6 -0.009290598766 -0.010282719686
10.8 -0.009065848434 -0.009997195141
11.0 -0.008853234200 -0.009725721388
11.2 -0.008652160833 -0.009467605467
11.4 -0.008462063242 -0.009222148279
11.6 -0.008282398810 -0.008988654284
11.8 -0.008112640735 -0.008766440041
12.0 -0.007952272530 -0.008554838982
12.2 -0.007800783741 -0.008353211237
12.4 -0.007657666839 -0.008160941486
12.6 -0.007522415229 -0.007977447726
12.8 -0.007394522257 -0.007802181977
13.0 -0.007273481110 -0.007634627267
13.2 -0.007158785484 -0.007474306179
13.4 -0.007049930898 -0.007320773046
13.6 -0.006946416548 -0.007173617137
13.8 -0.006847747570 -0.007032460598
14.0 -0.006753437629 -0.006896956817
14.2 -0.006663011703 -0.006766788589
14.4 -0.006576008987 -0.006641665901
14.6 -0.006491985809 -0.006521323772
14.8 -0.006410518473 -0.006405519959
15.0 -0.006331205950 -0.006294032655
15.2 -0.006253672344 -0.006186658261
15.4 -0.006177569073 -0.006083209273
15.6 -0.006102576707 -0.005983512302
15.8 -0.006028406436 -0.005887406260
16.0 -0.005954801137 -0.005794740714
16.2 -0.005881536025 -0.005705374481
16.4 -0.005808418891 -0.005619174357
16.6 -0.005735289942 -0.005536014067
16.8 -0.005662021250 -0.005455773367
17.0 -0.005588515852 -0.005378337868
17.2 -0.005514706533 -0.005303595753
17.4 -0.005440620276 -0.005231646160
17.6 -0.005366113393 -0.005161977115
17.8 -0.005291263013 -0.005094696251
18.0 -0.005216103731 -0.005029707951
18.2 -0.005140690462 -0.004966920980
18.4 -0.005065096185 -0.004906247484
18.6 -0.004989409664 -0.004847601880
18.8 -0.004913733172 -0.004790902082
19.0 -0.004838180253 -0.004736069103
19.2 -0.004762873542 -0.004683027041
19.4 -0.004687942678 -0.004631702996
19.6 -0.004613522311 -0.004582027170
19.8 -0.004539750240 -0.004533932767
20.0 -0.004466765676 -0.004487355935
20.2 -0.004394707643 -0.004442235817
20.4 -0.004323713531 -0.004398514438
20.6 -0.004253917793 -0.004356136670
20.8 -0.004185450795 -0.004315050165
21.0 -0.004118437809 -0.004275205284
21.2 -0.004052998159 -0.004236555014
21.4 -0.003989244500 -0.004199054883
21.6 -0.003927282233 -0.004162662862
21.8 -0.003867209053 -0.004127339270
22.0 -0.003809114603 -0.004093046664
22.2 -0.003753080255 -0.004059749736
22.4 -0.003699178980 -0.004027415198
22.6 -0.003647475310 -0.003996011679
22.8 -0.003598025393 -0.003965509603
23.0 -0.003550877104 -0.003935881087
23.2 -0.003506070227 -0.003907099820
23.4 -0.003463636692 -0.003879140966
23.6 -0.003423600845 -0.003851981048
23.8 -0.003385979761 -0.003825597841
24.0 -0.003350783577 -0.003799970316
24.2 -0.003318015842 -0.003775078470
24.4 -0.003287673885 -0.003750903292
24.6 -0.003259749175 -0.003727426291
24.8 -0.003234227687 -0.003704630906
25.0 -0.003211090259 -0.003682500180
25.2 -0.003190312937 -0.003661018200
25.4 -0.003171867301 -0.003640169657
25.6 -0.003155720781 -0.003619939779
25.8 -0.003141836944 -0.003600314283
26.0 -0.003130175767 -0.003581279325
26.2 -0.003120693884 -0.003562821456
26.4 -0.003113344808 -0.003544927581
26.6 -0.003108079136 -0.003527584928
26.8 -0.003104844727 -0.003510781015
27.0 -0.003103586863 -0.003494503625
27.2 -0.003104248391 -0.003478740781
27.4 -0.003106769844 -0.003463480731
27.6 -0.003111089547 -0.003448711925
27.8 -0.003117143718 -0.003434423008
28.0 -0.003124866541 -0.003420602801
28.2 -0.003134190248 -0.003407240299
28.4 -0.003145045179 -0.003394324658
28.6 -0.003157359848 -0.003381845192
28.8 -0.003171061002 -0.003369791367
29.0 -0.003186073675 -0.003358152797
29.2 -0.003202321251 -0.003346919241
29.4 -0.003219725526 -0.003336080608
29.6 -0.003238206772 -0.003325626932
29.8 -0.003257683808 -0.003315548393
30.0 -0.003278074082 -0.003305835323
30.2 -0.003299293753 -0.003296478190
30.4 -0.003321257781 -0.003287467597
30.6 -0.003343880037 -0.003278794291
30.8 -0.003367073404 -0.003270449151
31.0 -0.003390749897 -0.003262423210
31.2 -0.003414820795 -0.003254707616
31.4 -0.003439196765 -0.003247293667
31.6 -0.003463788013 -0.003240172813
31.8 -0.003488504424 -0.003233336630
32.0 -0.003513255717 -0.003226776839
32.2 -0.003537951607 -0.003220485297
32.4 -0.003562501962 -0.003214453998
32.6 -0.003586816968 -0.003208675078
32.8 -0.003610807297 -0.003203140805
33.0 -0.003634384272 -0.003197843599
33.2 -0.003657460036 -0.003192776010
33.4 -0.003679947714 -0.003187930722
33.6 -0.003701761573 -0.003183300553
33.8 -0.003722817189 -0.003178878472
34.0 -0.003743031592 -0.003174657583
34.2 -0.003762323422 -0.003170631114
34.4 -0.003780613067 -0.003166792439
34.6 -0.003797822805 -0.003163135064
34.8 -0.003813876929 -0.003159652634
35.0 -0.003828701872 -0.003156338929
35.2 -0.003842226317 -0.003153187862
35.4 -0.003854381307 -0.003150193483
35.6 -0.003865100339 -0.003147349976
35.8 -0.003874319450 -0.003144651657
36.0 -0.003881977301 -0.003142092978
36.2 -0.003888015241 -0.003139668521
36.4 -0.003892377375 -0.003137373003
36.6 -0.003895010608 -0.003135201270
36.8 -0.003895864697 -0.003133148301
37.0 -0.003894892280 -0.003131208845
37.2 -0.003892048907 -0.003129378858
37.4 -0.003887293055 -0.003127653344
37.6 -0.003880586146 -0.003126027796
37.8 -0.003871892541 -0.003124497834
38.0 -0.003861179547 -0.003123059200
38.2 -0.003848417400 -0.003121707762
38.4 -0.003833579251 -0.003120439511
38.6 -0.003816641147 -0.003119250558
38.8 -0.003797581997 -0.003118137134
39.0 -0.003776383543 -0.003117095589
39.2 -0.003753030322 -0.003116122387
39.4 -0.003727509621 -0.003115214112
39.6 -0.003699811431 -0.003114367456
39.8 -0.003669928394 -0.003113579229
40.0 -0.003637855755 -0.003112846342
40.2 -0.003603591294 -0.003112165822
40.4 -0.003567135273 -0.003111605354
40.6 -0.003528490371 -0.003111018975
40.8 -0.003487661613 -0.003110476730
41.0 -0.003444656308 -0.003109976044
41.2 -0.003399483976 -0.003109514451
41.4 -0.003352156274 -0.003109089580
41.6 -0.003302686927 -0.003108699154
41.8 -0.003251091654 -0.003108340990
42.0 -0.003197388087 -0.003108012991
42.2 -0.003141595702 -0.003107713149
42.4 -0.003083735739 -0.003107439542
42.6 -0.003023831128 -0.003107190329
42.8 -0.002961906412 -0.003106963752
43.0 -0.002897987670 -0.003106758130
43.2 -0.002832102447 -0.003106571858
43.4 -0.002764279672 -0.003106403409
43.6 -0.002694549591 -0.003106251323
43.8 -0.002622943697 -0.003106114214
44.0 -0.002549494651 -0.003105990763
44.2 -0.002474236225 -0.003105879716
44.4 -0.002397203227 -0.003105779883
44.6 -0.002318431446 -0.003105690136
44.8 -0.002237957583 -0.003105609408
45.0 -0.002155819199 -0.003105536687
45.2 -0.002072054659 -0.003105471019
45.4 -0.001986703082 -0.003105411503
45.6 -0.001899804291 -0.003105357289
45.8 -0.001811398773 -0.003105307579
46.0 -0.001721527637 -0.003105261622
46.2 -0.001630232583 -0.003105218713
46.4 -0.001537555870 -0.003105178191
46.6 -0.001443540291 -0.003105139440
46.8 -0.001348229151 -0.003105101884
47.0 -0.001251666256 -0.003105064986
47.2 -0.001153895901 -0.003105028247
47.4 -0.001054962862 -0.003104991206
47.6 -0.000954912402 -0.003104953434
47.8 -0.000853790271 -0.003104914537
48.0 -0.000751642719 -0.003104874151
48.2 -0.000648516514 -0.003104831944
48.4 -0.000544458954 -0.003104787615
48.6 -0.000439517898 -0.003104740886
48.8 -0.000333741794 -0.003104691508
49.0 -0.000227179704 -0.003104639256
49.2 -0.000119881346 -0.003104583932
49.4 -0.000011897126 -0.003104525355
49.6 0.000096721823 -0.003104463370
49.8 0.000205923601 -0.003104397840
50.0 0.000315655505 -0.003104328649
50.2 0.000425863991 -0.003104255697
50.4 0.000536494643 -0.003104178903
50.6 0.000647492140 -0.003104098204
50.8 0.000758800239 -0.003104013547
51.0 0.000870361756 -0.003103924898
51.2 0.000982118563 -0.003103832234
51.4 0.001094011595 -0.003103735546
51.6 0.001205980874 -0.003103634837
51.8 0.001317965545 -0.003103530119
52.0 0.001429903938 -0.003103421417
52.2 0.001541733643 -0.003103308765
52.4 0.001653391618 -0.003103192204
52.6 0.001764814320 -0.003103071787
52.8 0.001875937861 -0.003102947570
53.0 0.001986698203 -0.003102819621
53.2 0.002097031374 -0.003102688010
53.4 0.002206873726 -0.003102552816
53.6 0.002316162219 -0.003102414122
53.8 0.002424834738 -0.003102272016
54.0 0.002532830442 -0.003102126591
54.2 0.002640090131 -0.003101977944
54.4 0.002746556644 -0.003101826173
54.6 0.002852175265 -0.003101671384
54.8 0.002956894140 -0.003101513682
55.0 0.003060664698 -0.003101353174
55.2 0.003163442054 -0.003101189972
55.4 0.003265185406 -0.003101024188
55.6 0.003365858394 -0.003100855934
55.8 0.003465429427 -0.003100685323
56.0 0.003563871960 -0.003100512474
56.2 0.003661164717 -0.003100337500
56.4 0.003757291853 -0.003100160520
56.6 0.003852243044 -0.003099981647
56.8 0.003946013516 -0.003099800998
57.0 0.004038603994 -0.003099618687
57.2 0.004130020589 -0.003099434830
57.4 0.004220274617 -0.003099249539
57.6 0.004309382355 -0.003099062929
57.8 0.004397364753 -0.003098875113
58.0 0.004484247092 -0.003098686200
58.2 0.004570058617 -0.003098496300
58.4 0.004654832137 -0.003098305521
58.6 0.004738603617 -0.003098113967
58.8 0.004821411758 -0.003097921745
59.0 0.004903297580 -0.003097728957
59.2 0.004984304020 -0.003097535704
59.4 0.005064475539 -0.003097342084
59.6 0.005143857757 -0.003097148194
59.8 0.005222497104 -0.003096954130

