    0.000000    0.000000    0.000000    0.026459   9.9159200104E+002
    0.026459    0.000000    0.000000    0.052918   7.1744018873E+001
    0.052918    0.000000    0.000000    0.079377   3.2097590717E+001
    0.079377    0.000000    0.000000    0.105835   1.9211399481E+001
    0.105835    0.000000    0.000000    0.132294   1.3022568867E+001
    0.132294    0.000000    0.000000    0.158753   9.4947169740E+000
    0.158753    0.000000    0.000000    0.185212   7.2752687152E+000
    0.185212    0.000000    0.000000    0.211671   5.7837002759E+000
    0.211671    0.000000    0.000000    0.238130   4.7309106921E+000
    0.238130    0.000000    0.000000    0.264589   3.9582015241E+000
    0.264589    0.000000    0.000000    0.291047   3.3723293728E+000
    0.291047    0.000000    0.000000    0.317506   2.9156339277E+000
    0.317506    0.000000    0.000000    0.343965   2.5509783118E+000
    0.343965    0.000000    0.000000    0.370424   2.2536410682E+000
    0.370424    0.000000    0.000000    0.396883   2.0067128138E+000
    0.396883    0.000000    0.000000    0.423342   1.7983583494E+000
    0.423342    0.000000    0.000000    0.449801   1.6201244920E+000
    0.449801    0.000000    0.000000    0.476259   1.4658583319E+000
    0.476259    0.000000    0.000000    0.502718   1.3309989028E+000
    0.502718    0.000000    0.000000    0.529177   1.2121056422E+000
    0.529177    0.000000    0.000000    0.555636   1.1065378078E+000
    0.555636    0.000000    0.000000    0.582095   1.0122353572E+000
    0.582095    0.000000    0.000000    0.608554   9.2756624347E-001
    0.608554    0.000000    0.000000    0.635013   8.5121817962E-001
    0.635013    0.000000    0.000000    0.661472   7.8212175717E-001
    0.661472    0.000000    0.000000    0.687930   7.1939407101E-001
    0.687930    0.000000    0.000000    0.714389   6.6229779009E-001
    0.714389    0.000000    0.000000    0.740848   6.1021027572E-001
    0.740848    0.000000    0.000000    0.767307   5.6260026935E-001
    0.767307    0.000000    0.000000    0.793766   5.1901063889E-001
    0.793766    0.000000    0.000000    0.820225   4.7904449829E-001
    0.820225    0.000000    0.000000    0.846684   4.4235502147E-001
    0.846684    0.000000    0.000000    0.873142   4.0863685436E-001
    0.873142    0.000000    0.000000    0.899601   3.7761986818E-001
    0.899601    0.000000    0.000000    0.926060   3.4906377364E-001
    0.926060    0.000000    0.000000    0.952519   3.2275385672E-001
    0.952519    0.000000    0.000000    0.978978   2.9849767064E-001
    0.978978    0.000000    0.000000    1.005437   2.7612197458E-001
    1.005437    0.000000    0.000000    1.031896   2.5547050196E-001
    1.031896    0.000000    0.000000    1.058354   2.3640176798E-001
    1.058354    0.000000    0.000000    1.084813   2.1878750133E-001
    1.084813    0.000000    0.000000    1.111272   2.0251115735E-001
    1.111272    0.000000    0.000000    1.137731   1.8746640391E-001
    1.137731    0.000000    0.000000    1.164190   1.7355645127E-001
    1.164190    0.000000    0.000000    1.190649   1.6069263793E-001
    1.190649    0.000000    0.000000    1.217108   1.4879390842E-001
    1.217108    0.000000    0.000000    1.243566   1.3778598271E-001
    1.243566    0.000000    0.000000    1.270025   1.2760062943E-001
    1.270025    0.000000    0.000000    1.296484   1.1817511570E-001
    1.296484    0.000000    0.000000    1.322943   1.0945183011E-001
    1.322943    0.000000    0.000000    1.349402   1.0137771696E-001
    1.349402    0.000000    0.000000    1.375861   9.3903850747E-002
    1.375861    0.000000    0.000000    1.402320   8.6985130843E-002
    1.402320    0.000000    0.000000    1.428778   8.0579930526E-002
    1.428778    0.000000    0.000000    1.455237   7.4649874331E-002
    1.455237    0.000000    0.000000    1.481696   6.9159415871E-002
    1.481696    0.000000    0.000000    1.508155   6.4075753618E-002
    1.508155    0.000000    0.000000    1.534614   5.9368586327E-002
    1.534614    0.000000    0.000000    1.561073   5.5009879307E-002
    1.561073    0.000000    0.000000    1.587532   5.0973712527E-002
    1.587532    0.000000    0.000000    1.613990   4.7235996043E-002
    1.613990    0.000000    0.000000    1.640449   4.3774652143E-002
    1.640449    0.000000    0.000000    1.666908   4.0569066310E-002
    1.666908    0.000000    0.000000    1.693367   3.7600221432E-002
    1.693367    0.000000    0.000000    1.719826   3.4850535884E-002
    1.719826    0.000000    0.000000    1.746285   3.2303672944E-002
    1.746285    0.000000    0.000000    1.772744   2.9944627502E-002
    1.772744    0.000000    0.000000    1.799203   2.7759392396E-002
    1.799203    0.000000    0.000000    1.825661   2.5735054969E-002
    1.825661    0.000000    0.000000    1.852120   2.3859627869E-002
    1.852120    0.000000    0.000000    1.878579   2.2122082112E-002
    1.878579    0.000000    0.000000    1.905038   2.0512196167E-002
    1.905038    0.000000    0.000000    1.931497   1.9020435686E-002
    1.931497    0.000000    0.000000    1.957956   1.7638095877E-002
    1.957956    0.000000    0.000000    1.984415   1.6356994547E-002
    1.984415    0.000000    0.000000    2.010873   1.5169642145E-002
    2.010873    0.000000    0.000000    2.037332   1.4069087883E-002
    2.037332    0.000000    0.000000    2.063791   1.3048914831E-002
    2.063791    0.000000    0.000000    2.090250   1.2103193845E-002
    2.090250    0.000000    0.000000    2.116709   1.1226368031E-002
    2.116709    0.000000    0.000000    2.143168   1.0413381128E-002
    2.143168    0.000000    0.000000    2.169627   9.6595114565E-003
    2.169627    0.000000    0.000000    2.196085   8.9603955253E-003
    2.196085    0.000000    0.000000    2.222544   8.3120097737E-003
    2.222544    0.000000    0.000000    2.249003   7.7106325335E-003
    2.249003    0.000000    0.000000    2.275462   7.1528223317E-003
    2.275462    0.000000    0.000000    2.301921   6.6353507803E-003
    2.301921    0.000000    0.000000    2.328380   6.1552948255E-003
    2.328380    0.000000    0.000000    2.354839   5.7098733731E-003
    2.354839    0.000000    0.000000    2.381297   5.2966080742E-003
    2.381297    0.000000    0.000000    2.407756   4.9131322261E-003
    2.407756    0.000000    0.000000    2.434215   4.5572848644E-003
    2.434215    0.000000    0.000000    2.460674   4.2270478400E-003
    2.460674    0.000000    0.000000    2.487133   3.9205721854E-003
    2.487133    0.000000    0.000000    2.513592   3.6361434414E-003
    2.513592    0.000000    0.000000    2.540051   3.3721617225E-003
    2.540051    0.000000    0.000000    2.566509   3.1271273612E-003
    2.566509    0.000000    0.000000    2.592968   2.8997196578E-003
    2.592968    0.000000    0.000000    2.619427   2.6886469957E-003
    2.619427    0.000000    0.000000    2.645886   2.4927178435E-003
    2.645886    0.000000    0.000000    2.672345   2.3108539005E-003
    2.672345    0.000000    0.000000    2.698804   2.1420668339E-003
    2.698804    0.000000    0.000000    2.725263   1.9854035228E-003
    2.725263    0.000000    0.000000    2.751721   1.8400267070E-003
    2.751721    0.000000    0.000000    2.778180   1.7050852243E-003
    2.778180    0.000000    0.000000    2.804639   1.5798371148E-003
    2.804639    0.000000    0.000000    2.831098   1.4636287898E-003
    2.831098    0.000000    0.000000    2.857557   1.3557811562E-003
    2.857557    0.000000    0.000000    2.884016   1.2557219261E-003
    2.884016    0.000000    0.000000    2.910475   1.1628924927E-003
    2.910475    0.000000    0.000000    2.936934   1.0767674825E-003
    2.936934    0.000000    0.000000    2.963392   9.9686196096E-004
    2.963392    0.000000    0.000000    2.989851   9.2273822199E-004
    2.989851    0.000000    0.000000    3.016310   8.5401837778E-004
    3.016310    0.000000    0.000000    3.042769   7.9028341018E-004
    3.042769    0.000000    0.000000    3.069228   7.3117640942E-004
    3.069228    0.000000    0.000000    3.095687   6.7639493590E-004
    3.095687    0.000000    0.000000    3.122146   6.2558922308E-004
    3.122146    0.000000    0.000000    3.148604   5.7851125266E-004
    3.148604    0.000000    0.000000    3.175063   5.3488522823E-004
    3.175063    0.000000    0.000000    3.201522   4.9448084154E-004
    3.201522    0.000000    0.000000    3.227981   4.5701742812E-004
    3.227981    0.000000    0.000000    3.254440   4.2234669637E-004
    3.254440    0.000000    0.000000    3.280899   3.9024455935E-004
    3.280899    0.000000    0.000000    3.307358   3.6049740350E-004
    3.307358    0.000000    0.000000    3.333816   3.3295941163E-004
    3.333816    0.000000    0.000000    3.360275   3.0748413547E-004
    3.360275    0.000000    0.000000    3.386734   2.8388971682E-004
    3.386734    0.000000    0.000000    3.413193   2.6208305213E-004
    3.413193    0.000000    0.000000    3.439652   2.4189241658E-004
    3.439652    0.000000    0.000000    3.466111   2.2321754007E-004
    3.466111    0.000000    0.000000    3.492570   2.0596814090E-004
    3.492570    0.000000    0.000000    3.519028   1.9000373386E-004
    3.519028    0.000000    0.000000    3.545487   1.7525048221E-004
    3.545487    0.000000    0.000000    3.571946   1.6162296564E-004
    3.571946    0.000000    0.000000    3.598405   1.4904005190E-004
    3.598405    0.000000    0.000000    3.624864   1.3739110985E-004
    3.624864    0.000000    0.000000    3.651323   1.2665724390E-004
    3.651323    0.000000    0.000000    3.677782   1.1674013268E-004
    3.677782    0.000000    0.000000    3.704240   1.0756531399E-004
    3.704240    0.000000    0.000000    3.730699   9.9125931651E-005
    3.730699    0.000000    0.000000    3.757158   9.1323852736E-005
    3.757158    0.000000    0.000000    3.783617   8.4127852205E-005
    3.783617    0.000000    0.000000    3.810076   7.7485192220E-005
    3.810076    0.000000    0.000000    3.836535   7.1373215143E-005
    3.836535    0.000000    0.000000    3.862994   6.5722055876E-005
    3.862994    0.000000    0.000000    3.889453   6.0526724296E-005
    3.889453    0.000000    0.000000    3.915911   5.5728183732E-005
    3.915911    0.000000    0.000000    3.942370   5.1312644171E-005
    3.942370    0.000000    0.000000    3.968829   4.7233096744E-005
    3.968829    0.000000    0.000000    3.995288   4.3479330884E-005
    3.995288    0.000000    0.000000    4.021747   4.0023444314E-005
    4.021747    0.000000    0.000000    4.048206   3.6837286902E-005
    4.048206    0.000000    0.000000    4.074665   3.3907194150E-005
    4.074665    0.000000    0.000000    4.101123   3.1217530476E-005
    4.101123    0.000000    0.000000    4.127582   2.8727291301E-005
    4.127582    0.000000    0.000000    4.154041   2.6445758801E-005
    4.154041    0.000000    0.000000    4.180500   2.4334702186E-005
    4.180500    0.000000    0.000000    4.206959   2.2396502323E-005
    4.206959    0.000000    0.000000    4.233418   2.0621319541E-005
    4.233418    0.000000    0.000000    4.259877   1.8977256473E-005
    4.259877    0.000000    0.000000    4.286335   1.7468177722E-005
    4.286335    0.000000    0.000000    4.312794   1.6088682056E-005
    4.312794    0.000000    0.000000    4.339253   1.4805416517E-005
    4.339253    0.000000    0.000000    4.365712   1.3626318606E-005
    4.365712    0.000000    0.000000    4.392171   1.2554001719E-005
    4.392171    0.000000    0.000000    4.418630   1.1558831602E-005
    4.418630    0.000000    0.000000    4.445089   1.0651644026E-005
    4.445089    0.000000    0.000000    4.471547   9.8050039145E-006
    4.471547    0.000000    0.000000    4.498006   9.0387961275E-006
    4.498006    0.000000    0.000000    4.524465   8.3275659017E-006
    4.524465    0.000000    0.000000    4.550924   7.6697602104E-006
    4.550924    0.000000    0.000000    4.577383   7.0648805799E-006
    4.577383    0.000000    0.000000    4.603842   6.5216515101E-006
    4.603842    0.000000    0.000000    4.630301   6.0078152877E-006
    4.630301    0.000000    0.000000    4.656759   5.5473960128E-006
    4.656759    0.000000    0.000000    4.683218   5.1163101212E-006
    4.683218    0.000000    0.000000    4.709677   4.7196135615E-006
    4.709677    0.000000    0.000000    4.736136   4.3585784675E-006
    4.736136    0.000000    0.000000    4.762595   4.0278199421E-006
    4.762595    0.000000    0.000000    4.789054   3.7116424227E-006
    4.789054    0.000000    0.000000    4.815513   3.4313005876E-006
    4.815513    0.000000    0.000000    4.841971   3.1643348088E-006
    4.841971    0.000000    0.000000    4.868430   2.9226875821E-006
    4.868430    0.000000    0.000000    4.894889   2.7020630630E-006
    4.894889    0.000000    0.000000    4.921348   2.5002138044E-006
    4.921348    0.000000    0.000000    4.947807   2.3108134089E-006
    4.947807    0.000000    0.000000    4.974266   2.1360220249E-006
    4.974266    0.000000    0.000000    5.000725   1.9752551260E-006
    5.000725    0.000000    0.000000    5.027184   1.8351033427E-006
    5.027184    0.000000    0.000000    5.053642   1.6964530473E-006
    5.053642    0.000000    0.000000    5.080101   1.5715403627E-006
    5.080101    0.000000    0.000000    5.106560   1.4643267566E-006
    5.106560    0.000000    0.000000    5.133019   1.3487838155E-006
    5.133019    0.000000    0.000000    5.159478   1.2453523298E-006
    5.159478    0.000000    0.000000    5.185937   1.1578739915E-006
    5.185937    0.000000    0.000000    5.212396   1.0814949278E-006
    5.212396    0.000000    0.000000    5.238854   9.9838307438E-007
    5.238854    0.000000    0.000000    5.265313   9.2428081511E-007
    5.265313    0.000000    0.000000    5.291772   8.6529209115E-007
    5.291772    0.000000    0.000000    5.318231   7.9623362625E-007
    5.318231    0.000000    0.000000    5.344690   7.4771702785E-007
    5.344690    0.000000    0.000000    5.371149   6.9325374402E-007
    5.371149    0.000000    0.000000    5.397608   6.3803800698E-007
    5.397608    0.000000    0.000000    5.424066   5.9865993840E-007
    5.424066    0.000000    0.000000    5.450525   5.5655480435E-007
    5.450525    0.000000    0.000000    5.476984   5.2097261738E-007
    5.476984    0.000000    0.000000    5.503443   4.7993922037E-007
    5.503443    0.000000    0.000000    5.529902   4.4512720387E-007
    5.529902    0.000000    0.000000    5.556361   4.1892644326E-007
    5.556361    0.000000    0.000000    5.582820   3.8574106603E-007
    5.582820    0.000000    0.000000    5.609278   3.5870355009E-007
    5.609278    0.000000    0.000000    5.635737   3.3501169283E-007
    5.635737    0.000000    0.000000    5.662196   3.1765593395E-007
    5.662196    0.000000    0.000000    5.688655   2.9835091592E-007
    5.688655    0.000000    0.000000    5.715114   2.7491302507E-007
    5.715114    0.000000    0.000000    5.741573   2.4981654623E-007
    5.741573    0.000000    0.000000    5.768032   2.3784951236E-007
    5.768032    0.000000    0.000000    5.794490   2.1834654956E-007
    5.794490    0.000000    0.000000    5.820949   2.0295942249E-007
    5.820949    0.000000    0.000000    5.847408   1.9391869788E-007
    5.847408    0.000000    0.000000    5.873867   1.8602626078E-007
    5.873867    0.000000    0.000000    5.900326   1.6525886931E-007
    5.900326    0.000000    0.000000    5.926785   1.5537955173E-007
    5.926785    0.000000    0.000000    5.953244   1.4386576908E-007
    5.953244    0.000000    0.000000    5.979702   1.3426773826E-007
    5.979702    0.000000    0.000000    6.006161   1.2754764517E-007
    6.006161    0.000000    0.000000    6.032620   1.1748096101E-007
    6.032620    0.000000    0.000000    6.059079   1.0864589217E-007
    6.059079    0.000000    0.000000    6.085538   1.0259326483E-007
    6.085538    0.000000    0.000000    6.111997   9.4632924885E-008
    6.111997    0.000000    0.000000    6.138456   8.8969018486E-008
    6.138456    0.000000    0.000000    6.164915   8.2422249970E-008
    6.164915    0.000000    0.000000    6.191373   7.6616184508E-008
    6.191373    0.000000    0.000000    6.217832   7.2016681618E-008
    6.217832    0.000000    0.000000    6.244291   6.8663087716E-008
    6.244291    0.000000    0.000000    6.270750   6.3301041742E-008
    6.270750    0.000000    0.000000    6.297209   5.7913116025E-008
    6.297209    0.000000    0.000000    6.323668   5.4077099854E-008
    6.323668    0.000000    0.000000    6.350127   4.9348079345E-008
    6.350127    0.000000    0.000000    6.376585   4.7163055128E-008
    6.376585    0.000000    0.000000    6.403044   4.3907403879E-008
    6.403044    0.000000    0.000000    6.429503   4.0750355645E-008
    6.429503    0.000000    0.000000    6.455962   3.8088892096E-008
    6.455962    0.000000    0.000000    6.482421   3.4800538173E-008
    6.482421    0.000000    0.000000    6.508880   3.1573821446E-008
    6.508880    0.000000    0.000000    6.535339   2.8491842774E-008
    6.535339    0.000000    0.000000    6.561797   2.8415271747E-008
    6.561797    0.000000    0.000000    6.588256   2.3460694609E-008
    6.588256    0.000000    0.000000    6.614715   2.3298422136E-008
    6.614715    0.000000    0.000000    6.641174   2.0693231129E-008
    6.641174    0.000000    0.000000    6.667633   1.8818902381E-008
    6.667633    0.000000    0.000000    6.694092   1.6916778867E-008
    6.694092    0.000000    0.000000    6.720551   1.7011288267E-008
    6.720551    0.000000    0.000000    6.747009   1.4603953380E-008
    6.747009    0.000000    0.000000    6.773468   1.2199781518E-008
    6.773468    0.000000    0.000000    6.799927   1.3616313799E-008
    6.799927    0.000000    0.000000    6.826386   1.1232464292E-008
    6.826386    0.000000    0.000000    6.852845   9.8608229915E-009
    6.852845    0.000000    0.000000    6.879304   1.0220640168E-008
    6.879304    0.000000    0.000000    6.905763   7.2753516545E-009
    6.905763    0.000000    0.000000    6.932221   7.3303463854E-009
    6.932221    0.000000    0.000000    6.958680   7.0540649433E-009
    6.958680    0.000000    0.000000    6.985139   3.9674586949E-009
    6.985139    0.000000    0.000000    7.011598   5.2594066324E-009
    7.011598    0.000000    0.000000    7.038057   4.7658724189E-009
    7.038057    0.000000    0.000000    7.064516   3.3931265575E-009
    7.064516    0.000000    0.000000    7.090975   2.3869938248E-009
    7.090975    0.000000    0.000000    7.117433   1.7601916591E-009
    7.117433    0.000000    0.000000    7.143892   2.5196818521E-009
    7.143892    0.000000    0.000000    7.170351   5.7835924938E-010
    7.170351    0.000000    0.000000    7.196810   1.3693180478E-009
    7.196810    0.000000    0.000000    7.223269  -1.6077960074E-009
    7.223269    0.000000    0.000000    7.249728   1.4994683273E-010
    7.249728    0.000000    0.000000    7.276187  -6.3023375407E-010
    7.276187    0.000000    0.000000    7.302646  -2.2669102706E-009
    7.302646    0.000000    0.000000    7.329104  -2.1308406706E-009
    7.329104    0.000000    0.000000    7.355563  -2.3432804030E-009
    7.355563    0.000000    0.000000    7.382022  -1.4027617401E-009
    7.382022    0.000000    0.000000    7.408481  -1.5670753029E-009
    7.408481    0.000000    0.000000    7.434940  -3.2725240851E-009
    7.434940    0.000000    0.000000    7.461399  -2.4852327418E-009
    7.461399    0.000000    0.000000    7.487858  -1.9246403915E-009
    7.487858    0.000000    0.000000    7.514316  -1.4543088400E-009
    7.514316    0.000000    0.000000    7.540775  -3.8600330154E-009
    7.540775    0.000000    0.000000    7.567234  -2.7186205509E-009
    7.567234    0.000000    0.000000    7.593693  -4.2120717469E-009
    7.593693    0.000000    0.000000    7.620152  -3.0185092204E-009
    7.620152    0.000000    0.000000    7.646611  -2.7857560148E-009
    7.646611    0.000000    0.000000    7.673070  -5.4371218083E-009
    7.673070    0.000000    0.000000    7.699528  -5.8831439720E-009
    7.699528    0.000000    0.000000    7.725987  -3.2049354837E-009
    7.725987    0.000000    0.000000    7.752446  -5.5701905310E-009
    7.752446    0.000000    0.000000    7.778905  -4.0728377337E-009
    7.778905    0.000000    0.000000    7.805364  -4.4650637632E-009
    7.805364    0.000000    0.000000    7.831823  -4.2576319692E-009
    7.831823    0.000000    0.000000    7.858282  -4.5301756790E-009
    7.858282    0.000000    0.000000    7.884740  -3.8269146740E-009
    7.884740    0.000000    0.000000    7.911199  -3.6974625583E-009
    7.911199    0.000000    0.000000    7.937658  -3.5828916500E-009
    7.937658    0.000000    0.000000    7.964117  -4.1806596518E-009
    7.964117    0.000000    0.000000    7.990576  -6.6987689840E-009
    7.990576    0.000000    0.000000    8.017035  -5.6961667050E-009
    8.017035    0.000000    0.000000    8.043494  -6.0628290721E-009
    8.043494    0.000000    0.000000    8.069952  -4.9892488474E-009
    8.069952    0.000000    0.000000    8.096411  -5.7392159358E-009
    8.096411    0.000000    0.000000    8.122870  -3.3658677512E-009
    8.122870    0.000000    0.000000    8.149329  -5.5812220401E-009
    8.149329    0.000000    0.000000    8.175788  -3.1191036420E-009
    8.175788    0.000000    0.000000    8.202247  -6.3503348136E-009
    8.202247    0.000000    0.000000    8.228706  -6.2720619254E-009
    8.228706    0.000000    0.000000    8.255164  -6.3404075878E-009
    8.255164    0.000000    0.000000    8.281623  -6.3184342203E-009
    8.281623    0.000000    0.000000    8.308082  -6.2695897918E-009
    8.308082    0.000000    0.000000    8.334541  -6.3944357032E-009
    8.334541    0.000000    0.000000    8.361000  -6.4766068619E-009
    8.361000    0.000000    0.000000    8.387459  -6.3695420049E-009
    8.387459    0.000000    0.000000    8.413918  -6.4365220376E-009
    8.413918    0.000000    0.000000    8.440377  -6.3501379710E-009
    8.440377    0.000000    0.000000    8.466835  -6.3309250620E-009
    8.466835    0.000000    0.000000    8.493294  -6.3325104049E-009
    8.493294    0.000000    0.000000    8.519753  -6.3813919426E-009
    8.519753    0.000000    0.000000    8.546212  -6.3747178647E-009
    8.546212    0.000000    0.000000    8.572671  -6.4950217427E-009
    8.572671    0.000000    0.000000    8.599130  -6.3687849439E-009
    8.599130    0.000000    0.000000    8.625589  -6.3099721559E-009
    8.625589    0.000000    0.000000    8.652047  -6.3360054148E-009
    8.652047    0.000000    0.000000    8.678506  -6.3079600432E-009
    8.678506    0.000000    0.000000    8.704965  -6.1927998840E-009
    8.704965    0.000000    0.000000    8.731424  -6.2219822627E-009
    8.731424    0.000000    0.000000    8.757883  -6.2042371518E-009
    8.757883    0.000000    0.000000    8.784342  -6.3083863411E-009
    8.784342    0.000000    0.000000    8.810801  -6.1902873383E-009
    8.810801    0.000000    0.000000    8.837259  -6.1647716376E-009
    8.837259    0.000000    0.000000    8.863718  -6.2507664045E-009
    8.863718    0.000000    0.000000    8.890177  -6.1237823423E-009
    8.890177    0.000000    0.000000    8.916636  -6.2018781777E-009
    8.916636    0.000000    0.000000    8.943095  -6.0780021571E-009
    8.943095    0.000000    0.000000    8.969554  -6.1414337504E-009
    8.969554    0.000000    0.000000    8.996013  -6.1223658088E-009
    8.996013    0.000000    0.000000    9.022471  -6.2915858912E-009
    9.022471    0.000000    0.000000    9.048930  -6.2071255080E-009
    9.048930    0.000000    0.000000    9.075389  -6.1730290324E-009
    9.075389    0.000000    0.000000    9.101848  -6.2858424577E-009
    9.101848    0.000000    0.000000    9.128307  -5.9455294854E-009
    9.128307    0.000000    0.000000    9.154766  -6.0522129530E-009
    9.154766    0.000000    0.000000    9.181225  -6.0984531314E-009
    9.181225    0.000000    0.000000    9.207683  -6.1076697866E-009
    9.207683    0.000000    0.000000    9.234142  -6.0820967984E-009
    9.234142    0.000000    0.000000    9.260601  -6.1413028829E-009
    9.260601    0.000000    0.000000    9.287060  -5.9632802307E-009
    9.287060    0.000000    0.000000    9.313519  -6.0290590576E-009
    9.313519    0.000000    0.000000    9.339978  -6.0079094477E-009
    9.339978    0.000000    0.000000    9.366437  -6.0361042276E-009
    9.366437    0.000000    0.000000    9.392895  -6.0126099377E-009
    9.392895    0.000000    0.000000    9.419354  -5.8884229159E-009
    9.419354    0.000000    0.000000    9.445813  -6.0502536869E-009
    9.445813    0.000000    0.000000    9.472272  -5.9762262639E-009
    9.472272    0.000000    0.000000    9.498731  -5.9284878673E-009
    9.498731    0.000000    0.000000    9.525190  -5.8867433705E-009
    9.525190    0.000000    0.000000    9.551649  -5.9538975972E-009
    9.551649    0.000000    0.000000    9.578108  -5.7345164450E-009
    9.578108    0.000000    0.000000    9.604566  -5.9600138158E-009
    9.604566    0.000000    0.000000    9.631025  -5.7399346942E-009
    9.631025    0.000000    0.000000    9.657484  -5.7201344494E-009
    9.657484    0.000000    0.000000    9.683943  -5.8916710677E-009
    9.683943    0.000000    0.000000    9.710402  -5.8450333185E-009
    9.710402    0.000000    0.000000    9.736861  -5.7454014601E-009
    9.736861    0.000000    0.000000    9.763320  -5.7266548448E-009
    9.763320    0.000000    0.000000    9.789778  -5.8394221958E-009
    9.789778    0.000000    0.000000    9.816237  -5.6494257328E-009
    9.816237    0.000000    0.000000    9.842696  -5.7041446844E-009
    9.842696    0.000000    0.000000    9.869155  -5.7185406133E-009
    9.869155    0.000000    0.000000    9.895614  -5.6144101868E-009
    9.895614    0.000000    0.000000    9.922073  -5.7220663763E-009
    9.922073    0.000000    0.000000    9.948532  -5.7058096858E-009
    9.948532    0.000000    0.000000    9.974990  -5.6891147071E-009
    9.974990    0.000000    0.000000   10.001449  -5.6740504795E-009
   10.001449    0.000000    0.000000   10.027908  -5.6586069441E-009
   10.027908    0.000000    0.000000   10.054367  -5.6427898742E-009
   10.054367    0.000000    0.000000   10.080826  -5.6311214858E-009
   10.080826    0.000000    0.000000   10.107285  -5.6165921081E-009
   10.107285    0.000000    0.000000   10.133744  -5.6012571803E-009
   10.133744    0.000000    0.000000   10.160202  -5.5889615713E-009
   10.160202    0.000000    0.000000   10.186661  -5.5726151749E-009
   10.186661    0.000000    0.000000   10.213120  -5.5581109160E-009
   10.213120    0.000000    0.000000   10.239579  -5.5450986858E-009
   10.239579    0.000000    0.000000   10.266038  -5.5294110124E-009
   10.266038    0.000000    0.000000   10.292497  -5.5154761869E-009
   10.292497    0.000000    0.000000   10.318956  -5.4990124121E-009
   10.318956    0.000000    0.000000   10.345414  -5.4871337474E-009
   10.345414    0.000000    0.000000   10.371873  -5.4719747067E-009
   10.371873    0.000000    0.000000   10.398332  -5.4594894716E-009
   10.398332    0.000000    0.000000   10.424791  -5.4460869980E-009
   10.424791    0.000000    0.000000   10.451250  -5.4313898101E-009
   10.451250    0.000000    0.000000   10.477709  -5.4179100650E-009
   10.477709    0.000000    0.000000   10.504168  -5.4031301655E-009
   10.504168    0.000000    0.000000   10.530626  -5.3887806439E-009
   10.530626    0.000000    0.000000   10.557085  -5.3755595253E-009
   10.557085    0.000000    0.000000   10.583544  -5.3632508157E-009
   10.583544    0.000000    0.000000   10.610003  -5.3497523356E-009
   10.610003    0.000000    0.000000   10.636462  -5.3372611608E-009
   10.636462    0.000000    0.000000   10.662921  -5.3239117281E-009
   10.662921    0.000000    0.000000   10.689380  -5.3097759800E-009
   10.689380    0.000000    0.000000   10.715839  -5.2991275534E-009
   10.715839    0.000000    0.000000   10.742297  -5.2836575670E-009
   10.742297    0.000000    0.000000   10.768756  -5.2718732713E-009
   10.768756    0.000000    0.000000   10.795215  -5.2575875598E-009
   10.795215    0.000000    0.000000   10.821674  -5.2440873033E-009
   10.821674    0.000000    0.000000   10.848133  -5.2333500866E-009
   10.848133    0.000000    0.000000   10.874592  -5.2195512634E-009
   10.874592    0.000000    0.000000   10.901051  -5.2074463075E-009
   10.901051    0.000000    0.000000   10.927509  -5.1932094736E-009
   10.927509    0.000000    0.000000   10.953968  -5.1814138813E-009
   10.953968    0.000000    0.000000   10.980427  -5.1689178215E-009
   10.980427    0.000000    0.000000   11.006886  -5.1567736192E-009
   11.006886    0.000000    0.000000   11.033345  -5.1443697358E-009
   11.033345    0.000000    0.000000   11.059804  -5.1315172667E-009
   11.059804    0.000000    0.000000   11.086263  -5.1196832329E-009
   11.086263    0.000000    0.000000   11.112721  -5.1079700469E-009
   11.112721    0.000000    0.000000   11.139180  -5.0949672814E-009
   11.139180    0.000000    0.000000   11.165639  -5.0828862508E-009
   11.165639    0.000000    0.000000   11.192098  -5.0739976665E-009
   11.192098    0.000000    0.000000   11.218557  -5.0605307444E-009
   11.218557    0.000000    0.000000   11.245016  -5.0470585489E-009
   11.245016    0.000000    0.000000   11.271475  -5.0346626590E-009
   11.271475    0.000000    0.000000   11.297933  -5.0240487048E-009
   11.297933    0.000000    0.000000   11.324392  -5.0150111286E-009
   11.324392    0.000000    0.000000   11.350851  -5.0002962881E-009
   11.350851    0.000000    0.000000   11.377310  -4.9909309463E-009
   11.377310    0.000000    0.000000   11.403769  -4.9742161778E-009
   11.403769    0.000000    0.000000   11.430228  -4.9642240041E-009
   11.430228    0.000000    0.000000   11.456687  -4.9526896473E-009
   11.456687    0.000000    0.000000   11.483145  -4.9425371851E-009
   11.483145    0.000000    0.000000   11.509604  -4.9317777640E-009
   11.509604    0.000000    0.000000   11.536063  -4.9227447951E-009
   11.536063    0.000000    0.000000   11.562522  -4.9072836905E-009
   11.562522    0.000000    0.000000   11.588981  -4.8969532040E-009
   11.588981    0.000000    0.000000   11.615440  -4.8878250059E-009
   11.615440    0.000000    0.000000   11.641899  -4.8760380178E-009
   11.641899    0.000000    0.000000   11.668358  -4.8664402508E-009
   11.668358    0.000000    0.000000   11.694816  -4.8532435293E-009
   11.694816    0.000000    0.000000   11.721275  -4.8431597899E-009
   11.721275    0.000000    0.000000   11.747734  -4.8302294942E-009
   11.747734    0.000000    0.000000   11.774193  -4.8189431889E-009
   11.774193    0.000000    0.000000   11.800652  -4.8105139039E-009
   11.800652    0.000000    0.000000   11.827111  -4.7969103967E-009
   11.827111    0.000000    0.000000   11.853570  -4.7897102395E-009
   11.853570    0.000000    0.000000   11.880028  -4.7775045031E-009
   11.880028    0.000000    0.000000   11.906487  -4.7689878713E-009
   11.906487    0.000000    0.000000   11.932946  -4.7557466298E-009
   11.932946    0.000000    0.000000   11.959405  -4.7460709252E-009
   11.959405    0.000000    0.000000   11.985864  -4.7372501200E-009
   11.985864    0.000000    0.000000   12.012323  -4.7250942881E-009
   12.012323    0.000000    0.000000   12.038782  -4.7136213821E-009
   12.038782    0.000000    0.000000   12.065240  -4.7065037700E-009
   12.065240    0.000000    0.000000   12.091699  -4.6962659039E-009
   12.091699    0.000000    0.000000   12.118158  -4.6854214952E-009
   12.118158    0.000000    0.000000   12.144617  -4.6738428960E-009
   12.144617    0.000000    0.000000   12.171076  -4.6641218943E-009
   12.171076    0.000000    0.000000   12.197535  -4.6528442210E-009
   12.197535    0.000000    0.000000   12.223994  -4.6436985923E-009
   12.223994    0.000000    0.000000   12.250452  -4.6342474302E-009
   12.250452    0.000000    0.000000   12.276911  -4.6236379447E-009
   12.276911    0.000000    0.000000   12.303370  -4.6123000419E-009
   12.303370    0.000000    0.000000   12.329829  -4.6055961267E-009
   12.329829    0.000000    0.000000   12.356288  -4.5915392877E-009
   12.356288    0.000000    0.000000   12.382747  -4.5826303585E-009
   12.382747    0.000000    0.000000   12.409206  -4.5718595854E-009
   12.409206    0.000000    0.000000   12.435664  -4.5647095270E-009
   12.435664    0.000000    0.000000   12.462123  -4.5555573758E-009
   12.462123    0.000000    0.000000   12.488582  -4.5451628017E-009
   12.488582    0.000000    0.000000   12.515041  -4.5330467158E-009
   12.515041    0.000000    0.000000   12.541500  -4.5236935031E-009
   12.541500    0.000000    0.000000   12.567959  -4.5148042249E-009
   12.567959    0.000000    0.000000   12.594418  -4.5060135068E-009
   12.594418    0.000000    0.000000   12.620876  -4.4963142654E-009
   12.620876    0.000000    0.000000   12.647335  -4.4877214445E-009
   12.647335    0.000000    0.000000   12.673794  -4.4789475184E-009
   12.673794    0.000000    0.000000   12.700253  -4.4676169153E-009
   12.700253    0.000000    0.000000   12.726712  -4.4595459270E-009
   12.726712    0.000000    0.000000   12.753171  -4.4494081752E-009
   12.753171    0.000000    0.000000   12.779630  -4.4393999032E-009
   12.779630    0.000000    0.000000   12.806089  -4.4314198699E-009
   12.806089    0.000000    0.000000   12.832547  -4.4217251804E-009
   12.832547    0.000000    0.000000   12.859006  -4.4133221522E-009
   12.859006    0.000000    0.000000   12.885465  -4.4048461545E-009
   12.885465    0.000000    0.000000   12.911924  -4.3954446194E-009
   12.911924    0.000000    0.000000   12.938383  -4.3853636555E-009
   12.938383    0.000000    0.000000   12.964842  -4.3771837543E-009
   12.964842    0.000000    0.000000   12.991301  -4.3683273387E-009
   12.991301    0.000000    0.000000   13.017759  -4.3600954791E-009
   13.017759    0.000000    0.000000   13.044218  -4.3483489587E-009
   13.044218    0.000000    0.000000   13.070677  -4.3419674800E-009
   13.070677    0.000000    0.000000   13.097136  -4.3318050813E-009
   13.097136    0.000000    0.000000   13.123595  -4.3236685343E-009
   13.123595    0.000000    0.000000   13.150054  -4.3145826079E-009
   13.150054    0.000000    0.000000   13.176513  -4.3063221877E-009
   13.176513    0.000000    0.000000   13.202971  -4.2989275195E-009
   13.202971    0.000000    0.000000   13.229430  -4.2895886565E-009
