0.04 -0.00035517002750298787
0.08 -0.0014206800799253412
0.12 -0.00319653001574856
0.16 -0.00568271846185318
0.2 -0.008879239210952959
0.24 -0.012786071963604663
0.28 -0.01740316341318494
0.32 -0.022730393379348512
0.36 -0.028767519539379983
0.4 -0.035514093153333724
0.44 -0.042969337029877416
0.48 -0.05113197586531418
0.52 -0.06000000803094814
0.56 -0.06957040692162927
0.6 -0.07983873917368603
0.64 -0.09079868649821433
0.68 -0.102441457676756
0.72 -0.11475507759337852
0.76 -0.1277235412419252
0.8 -0.141325822719575
0.84 -0.1555347326290353
0.88 -0.17031562245513976
0.92 -0.18562494180451816
0.96 -0.2014086643811306
1.0 -0.21760061169412911
1.04 -0.2341207201726204
1.08 -0.2508733178543646
1.12 -0.26774550110037515
1.16 -0.2846057293947223
1.2 -0.3013027860959993
1.24 -0.31766528300931596
1.28 -0.3335019137284399
1.32 -0.348602680443953
1.36 -0.36274132554812144
1.4000000000000001 -0.3756791858951444
1.44 -0.387170646257297
1.48 -0.3969702917971872
1.52 -0.4048417413529079
1.56 -0.41056798179291965
1.6 -0.41396282257663436
1.6400000000000001 -0.41488286157971366
1.68 -0.413239121518445
1.72 -0.40900731548272246
1.76 -0.4022355740137696
1.8 -0.39304846262659493
1.84 -0.38164628018176977
1.8800000000000001 -0.3682989798624453
1.92 -0.35333458937213796
1.96 -0.337122677173631
2.0 -0.32005412412573386
2.04 -0.3025190860735264
2.08 -0.284885432010535
2.12 -0.2674799967167836
2.16 -0.2505746404404138
2.2 -0.2343783960950194
2.24 -0.2190360376928666
2.2800000000000002 -0.20463242382504332
2.32 -0.19120117495566838
2.36 -0.17873580211880402
2.4 -0.16720138456354286
2.44 -0.1565452427680738
2.48 -0.1467056248373125
2.52 -0.13761803615892318
2.56 -0.12921933988616274
2.6 -0.12145005654082909
2.64 -0.11425539184617636
2.68 -0.10758547653924698
2.72 -0.10139518381175068
2.7600000000000002 -0.09564376104586142
2.8000000000000003 -0.09029440819509989
2.84 -0.08531386602614945
2.88 -0.08067203864359938
2.92 -0.07634165615972302
2.96 -0.07229797593414809
3.0 -0.06851851851850363
3.04 -0.0649828341532626
3.08 -0.0616722960042062
3.12 -0.05856991679277749
3.16 -0.0556601859184837
3.2 -0.05292892456054686
3.24 -0.05036315658049772
3.2800000000000002 -0.047950993334185
3.3200000000000003 -0.04568153074779024
3.36 -0.043544757224034746
3.4 -0.041531471127021956
3.44 -0.039633206751431276
3.48 -0.03784216781773623
3.52 -0.036151167652856274
3.56 -0.034553575317783115
3.6 -0.03304326703246456
3.64 -0.03161458232546424
3.68 -0.03026228440324148
3.72 -0.028981524292675843
3.7600000000000002 -0.027767808361858073
3.8000000000000003 -0.02661696886917687
3.84 -0.025525137230202007
3.88 -0.024488719726527546
3.92 -0.023504375411224084
3.96 -0.02256899599239435
4.0 -0.0216796875
4.04 -0.020833753562029805
4.08 -0.020028680134559194
4.12 -0.01926212154660966
4.16 -0.018531887735214754
4.2 -0.017835932558964623
4.24 -0.01717234308973052
4.28 -0.01653932979243658
4.32 -0.015935217511798105
4.36 -0.015358437193014999
4.4 -0.014807518270609927
4.44 -0.014281081666034182
4.48 -0.013777833340417236
4.5200000000000005 -0.013296558353986479
4.5600000000000005 -0.012836115388299029
4.6000000000000005 -0.012395431691567706
4.64 -0.011973498411080606
4.68 -0.01156936628005482
4.72 -0.0111821416292706
4.76 -0.010810982696538409
4.8 -0.010455096209490741
4.84 -0.010113734219390706
4.88 -0.009786191165635949
4.92 -0.00947180115243161
4.96 -0.00916993542072947
5.0 -0.008879999999999999
5.04 -0.008601433525735256
5.08 -0.008333705209787504
5.12 -0.008076312951743603
5.16 -0.007828781580529633
5.2 -0.007590661216343964
5.24 -0.007361525743838823
5.28 -0.007140971388218523
5.32 -0.0069286153866037255
5.36 -0.006724094747632152
5.4 -0.006527065092832504
5.44 -0.006337199573825368
5.48 -0.0061541878598770335
5.5200000000000005 -0.005977735190763748
5.5600000000000005 -0.005807561490298655
5.6000000000000005 -0.0056434005362349
5.64 -0.005484999182589252
5.68 -0.005332116630733717
5.72 -0.005184523745880723
5.76 -0.005042002415842372
5.8 -0.004904344949178615
5.84 -0.004771353510064233
5.88 -0.004642839587402288
5.92 -0.004518623495893629
5.96 -0.004398533906939368
6.0 -0.0042824074074074075
6.04 -0.0041700880844360985
6.08 -0.0040614271345789914
6.12 -0.003956282495715396
6.16 -0.003854518500262893
6.2 -0.0037560055483307903
6.24 -0.0036606197995485935
6.28 -0.0035682428823913836
6.32 -0.0034787616199052312
6.36 -0.003392067770810967
6.4 -0.003308057785034179
6.44 -0.003226632572773768
6.48 -0.0031476972862811074
6.5200000000000005 -0.0030711611135771956
6.5600000000000005 -0.0029969370833865627
6.6000000000000005 -0.002924941880614306
6.640000000000001 -0.00285509567173689
6.68 -0.0027873219395184055
6.72 -0.0027215473265021716
6.76 -0.0026577014867630567
6.8 -0.0025957169454388722
6.84 -0.002535528965589933
6.88 -0.0024770754219644547
6.92 -0.0024202966812740634
6.96 -0.0023651354886085143
7.0 -0.002311536859641816
7.04 -0.002259447978303517
7.08 -0.002208818099609007
7.12 -0.0021595984573614447
7.16 -0.002111742176455451
7.2 -0.002065204189529035
7.24 -0.0020199411577255205
7.28 -0.001975911395341515
7.32 -0.0019330747981503105
7.36 -0.0018913927752025924
7.4 -0.0018508281839180302
7.44 -0.0018113452682922402
7.48 -0.0017729096000538701
7.5200000000000005 -0.0017354880226161295
7.5600000000000005 -0.0016990485976760997
7.6000000000000005 -0.0016635605543235544
7.640000000000001 -0.0016289942405289487
7.68 -0.0015953210768876254
7.72 -0.0015625135125042428
7.76 -0.0015305449829079716
7.8 -0.0014993898698951044
7.84 -0.0014690234632015052
7.88 -0.0014394219239127189
7.92 -0.0014105622495246468
7.96 -0.0013824222405724698
8.0 -0.00135498046875
8.040000000000001 -0.001328216246445857
8.08 -0.0013021095976268628
8.120000000000001 -0.0012766412300027625
8.16 -0.0012517925084099496
8.2 -0.001227545429355137
8.24 -0.0012038825966631038
8.28 -0.0011807871981755558
8.32 -0.0011582429834509221
8.36 -0.001136234242417564
8.4 -0.001114745784935289
8.44 -0.0010937629212224654
8.48 -0.0010732714431081576
8.52 -0.0010532576060708577
8.56 -0.0010337081120272863
8.6 -0.0010146100928366407
8.64 -0.0009959510944873816
8.68 -0.000977719061935337
8.72 -0.0009599023245634374
8.76 -0.0009424895822349103
8.8 -0.0009254698919131205
8.84 -0.0009088326548226153
8.88 -0.0008925676041271364
8.92 -0.0008766647931015932
8.96 -0.0008611145837760772
9.0 -0.0008459076360310928
9.040000000000001 -0.0008310348971241549
9.08 -0.0008164875916288962
9.120000000000001 -0.0008022572117686893
9.16 -0.0007883355081276905
9.200000000000001 -0.0007747144807229816
9.24 -0.0007613863704222999
9.28 -0.0007483436506925379
9.32 -0.0007355790196649234
9.36 -0.0007230853925034263
9.4 -0.0007108558940635668
9.44 -0.0006988838518294125
9.48 -0.0006871627891170827
9.52 -0.0006756864185336505
9.56 -0.0006644486356808075
9.6 -0.0006534435130931713
9.64 -0.0006426652944015475
9.68 -0.0006321083887119191
9.72 -0.0006217673651913299
9.76 -0.0006116369478522468
9.8 -0.0006017120105273363
9.84 -0.0005919875720269756
9.88 -0.0005824587914721313
9.92 -0.0005731209637955918
9.96 -0.0005639695154048178
10.0 -0.0005549999999999999
10.040000000000001 -0.0005462080945411637
10.08 -0.0005375895953584535
10.120000000000001 -0.0005291404143999602
10.16 -0.000520856575611719
10.200000000000001 -0.0005127342114447152
10.24 -0.0005047695594839752
10.28 -0.0004969589591950106
10.32 -0.0004892988487831021
10.36 -0.0004817857621610867
10.4 -0.00047441632602149774
10.44 -0.00046718725700908934
10.48 -0.00046009535898992643
10.52 -0.0004531375204134002
10.56 -0.00044631071176365767
10.6 -0.0004396119830971015
10.64 -0.00043303846166273285
10.68 -0.0004265873496022608
10.72 -0.0004202559217270095
10.76 -0.00041404152336879435
10.8 -0.0004079415683020315
10.84 -0.0004019535367344785
10.88 -0.0003960749733640855
10.92 -0.00039030348549955857
10.96 -0.0003846367412423146
11.0 -0.0003790724677276142
11.040000000000001 -0.00037360844942273426
11.08 -0.0003682425264801374
11.120000000000001 -0.00036297259314366595
11.16 -0.00035779659620587467
11.200000000000001 -0.00035271253351468125
11.24 -0.0003477184525275931
11.28 -0.00034281244891182824
11.32 -0.0003379926651887205
11.36 -0.0003332572894208573
11.4 -0.0003286045539404553
11.44 -0.0003240327341175452
11.48 -0.0003195401471665807
11.52 -0.00031512515099014826
11.56 -0.00031078614305849676
11.6 -0.0003065215593236634
11.64 -0.00030232987316700663
11.68 -0.00029820959437901456
11.72 -0.00029415926817028725
11.76 -0.000290177474212643
11.8 -0.0002862628257093272
11.84 -0.00028241396849335184
11.88 -0.0002786295801530165
11.92 -0.0002749083691837105
11.96 -0.0002712490741651139
12.0 -0.00026765046296296297
12.040000000000001 -0.00026411133195456066
12.08 -0.00026063050527725616
12.120000000000001 -0.0002572068340991333
12.16 -0.00025383919591118697
12.200000000000001 -0.0002505264938402802
12.24 -0.00024726765598221225
12.280000000000001 -0.0002440616347542403
12.32 -0.00024090740626643082
12.36 -0.00023780396971123042
12.4 -0.0002347503467706744
12.44 -0.00023174558104066675
12.48 -0.0002287887374717871
12.52 -0.0002258789018261007
12.56 -0.00022301518014946148
12.6 -0.0002201966982588226
12.64 -0.00021742260124407695
12.68 -0.00021469205298397655
12.72 -0.00021200423567568544
12.76 -0.00020935834937754486
12.8 -0.00020675361156463618
12.84 -0.00020418925669674792
12.88 -0.0002016645357983605
12.92 -0.00019917871605028137
12.96 -0.0001967310803925692
13.0 -0.00019432092713840551
13.040000000000001 -0.00019194756959857472
13.08 -0.00018961033571623462
13.120000000000001 -0.00018730856771166017
13.16 -0.00018504162173666358
13.200000000000001 -0.00018280886753839414
13.24 -0.00018060968813224008
13.280000000000001 -0.00017844347948355561
13.32 -0.00017630965019795291
13.36 -0.00017420762121990034
13.4 -0.00017213682553938312
13.44 -0.00017009670790638572
13.48 -0.00016808672455296482
13.52 -0.00016610634292269104
13.56 -0.00016415504140724051
13.6 -0.00016223230908992951
13.64 -0.00016033764549598686
13.68 -0.00015847056034937082
13.72 -0.0001566305733359372
13.76 -0.00015481721387277842
13.8 -0.00015303002088355196
13.84 -0.00015126854257962896
13.88 -0.00014953233624689336
13.92 -0.00014782096803803214
13.96 -0.0001461340127701577
14.0 -0.0001444710537276135
14.040000000000001 -0.00014283168246981252
14.08 -0.00014121549864396982
14.120000000000001 -0.00013962210980258776
14.16 -0.00013805113122556292
14.200000000000001 -0.0001365021857467831
14.24 -0.0001349749035850903
14.280000000000001 -0.00013346892217948648
14.32 -0.0001319838860284657
14.36 -0.0001305194465333565
14.4 -0.0001290752618455647
14.44 -0.00012765099671760923
14.48 -0.00012624632235784503
14.52 -0.00012486091628877415
14.56 -0.0001234944622088447
14.6 -0.00012214664985764435
14.64 -0.0001208171748843944
14.68 -0.00011950573871965625
14.72 -0.00011821204845016203
14.76 -0.00011693581669668653
14.8 -0.00011567676149487689
14.84 -0.00011443460617896227
14.88 -0.00011320907926826501
14.92 -0.00011199991435643986
14.96 -0.00011080685000336688
15.0 -0.00010962962962962962
15.040000000000001 -0.0001084680014135081
15.08 -0.00010732171819042171
15.120000000000001 -0.00010619053735475623
15.16 -0.00010507422076401363
15.200000000000001 -0.00010397253464522215
15.24 -0.00010288524950354943
15.280000000000001 -0.00010181214003305929
15.32 -0.0001007529850295584
15.36 -9.970756730547659e-05
15.4 -9.867567360673006e-05
15.44 -9.765709453151517e-05
15.48 -9.665162445098313e-05
15.52 -9.565906143174822e-05
15.56 -9.467920716018124e-05
15.6 -9.371186686844402e-05
15.64 -9.275684926221931e-05
15.68 -9.181396645009408e-05
15.72 -9.088303387455337e-05
15.76 -8.996387024454493e-05
15.8 -8.905629746957391e-05
15.84 -8.816014059529042e-05
15.88 -8.727522774053102e-05
15.92 -8.640139003577936e-05
15.96 -8.553846156300896e-05
16.0 -8.4686279296875e-05
16.04 -8.384468304722066e-05
16.080000000000002 -8.301351540286606e-05
16.12 -8.2192621676648e-05
16.16 -8.138184985167892e-05
16.2 -8.058105052879639e-05
16.240000000000002 -7.979007687517266e-05
16.28 -7.900878457405701e-05
16.32 -7.823703177562185e-05
16.36 -7.747467904888714e-05
16.4 -7.672158933469606e-05
16.44 -7.597762789971647e-05
16.48 -7.524266229144399e-05
16.52 -7.451656229418142e-05
16.56 -7.379919988597224e-05
16.6 -7.309044919646439e-05
16.64 -7.239018646568263e-05
16.68 -7.169829000368712e-05
16.72 -7.101464015109775e-05
16.76 -7.033911924046327e-05
16.8 -6.967161155845556e-05
16.84 -6.901200330886856e-05
16.88 -6.836018257640408e-05
16.92 -6.771603929122528e-05
16.96 -6.707946519425985e-05
17.0 -6.645035380323511e-05
17.04 -6.582860037942861e-05
17.080000000000002 -6.521410189511666e-05
17.12 -6.460675700170539e-05
17.16 -6.400646599852743e-05
17.2 -6.341313080229004e-05
17.240000000000002 -6.282665491715857e-05
17.28 -6.224694340546135e-05
17.32 -6.167390285900092e-05
17.36 -6.110744137095856e-05
17.400000000000002 -6.0547468508377935e-05
17.44 -5.999389528521484e-05
17.48 -5.944663413593986e-05
17.52 -5.890559888968189e-05
17.56 -5.8370704744899725e-05
17.6 -5.784186824457003e-05
17.64 -5.7319007251880084e-05
17.68 -5.680204092641346e-05
17.72 -5.6290889700818164e-05
17.76 -5.578547525794602e-05
17.8 -5.528572050845297e-05
17.84 -5.479154956884957e-05
17.88 -5.430288773999221e-05
17.92 -5.381966148600483e-05
17.96 -5.334179841362201e-05
18.0 -5.28692272519433e-05
18.04 -5.2401877832590704e-05
18.080000000000002 -5.1939681070259684e-05
18.12 -5.148256894365553e-05
18.16 -5.1030474476806014e-05
18.2 -5.058333172074281e-05
18.240000000000002 -5.014107573554308e-05
18.28 -4.9703642572723846e-05
18.32 -4.9270969257980654e-05
18.36 -4.884299377426416e-05
18.400000000000002 -4.841965504518635e-05
18.44 -4.800089291875002e-05
18.48 -4.758664815139374e-05
18.52 -4.717686239234631e-05
18.56 -4.677147816828362e-05
18.6 -4.637043886828135e-05
18.64 -4.5973688729057714e-05
18.68 -4.558117282049919e-05
18.72 -4.519283703146414e-05
18.76 -4.4808628055857737e-05
18.8 -4.4428493378972926e-05
18.84 -4.4052381264091165e-05
18.88 -4.368024073933828e-05
18.92 -4.33120215847893e-05
18.96 -4.294767431981767e-05
19.0 -4.258715019068301e-05
19.04 -4.223040115835316e-05
19.080000000000002 -4.187737988655515e-05
19.12 -4.1528039730050466e-05
19.16 -4.118233472312985e-05
19.2 -4.084021956832321e-05
19.240000000000002 -4.050164962532014e-05
19.28 -4.016658090009672e-05
19.32 -3.9834970034244057e-05
19.36 -3.9506774294494946e-05
19.400000000000002 -3.9181951562444044e-05
19.44 -3.886046032445812e-05
19.48 -3.854225966177172e-05
19.52 -3.8227309240765426e-05
19.56 -3.791556930342219e-05
19.6 -3.760700065795852e-05
19.64 -3.7301564669626935e-05
19.68 -3.699922325168597e-05
19.72 -3.66999388565347e-05
19.76 -3.640367446700821e-05
19.8 -3.6110393587830945e-05
19.84 -3.582006023722449e-05
19.88 -3.553263893866701e-05
19.92 -3.524809471280111e-05
19.96 -3.4966393069487336e-05
20.0 -3.4687499999999996e-05
20.04 -3.4411381969363026e-05
20.080000000000002 -3.413800590882273e-05
20.12 -3.3867339208454897e-05
20.16 -3.3599349709903344e-05
20.2 -3.33340056992477e-05
20.240000000000002 -3.307127589999751e-05
20.28 -3.281112946621057e-05
20.32 -3.2553535975732436e-05
20.36 -3.2298465423555505e-05
20.400000000000002 -3.20458882152947e-05
20.44 -3.179577516077788e-05
20.48 -3.154809746774845e-05
20.52 -3.130282673567818e-05
20.56 -3.105993494968816e-05
20.6 -3.081939447457545e-05
20.64 -3.058117804894388e-05
20.68 -3.0345258779436463e-05
20.72 -3.011161013506792e-05
20.76 -2.9880205941655095e-05
20.8 -2.965102037634361e-05
20.84 -2.942402796222859e-05
20.88 -2.9199203563068084e-05
20.92 -2.8976522378087027e-05
20.96 -2.8755959936870402e-05
21.0 -2.8537492094343404e-05
21.04 -2.8321095025837512e-05
21.080000000000002 -2.8106745222240435e-05
21.12 -2.7894419485228604e-05
21.16 -2.7684094922580394e-05
21.2 -2.7475748943568845e-05
21.240000000000002 -2.726935925443217e-05
21.28 -2.7064903853920803e-05
21.32 -2.6862361028919164e-05
21.36 -2.66617093501413e-05
21.400000000000002 -2.6462927667898517e-05
21.44 -2.6265995107938095e-05
21.48 -2.607089106735125e-05
21.52 -2.5877595210549647e-05
21.56 -2.568608746530875e-05
21.6 -2.549634801887697e-05
21.64 -2.5308357314149428e-05
21.68 -2.5122096045904907e-05
21.72 -2.4937545157105197e-05
21.76 -2.4754685835255345e-05
21.8 -2.4573499508824003e-05
21.84 -2.439396784372241e-05
21.88 -2.4216072739841345e-05
21.92 -2.4039796327644662e-05
21.96 -2.3865120964818646e-05
22.0 -2.369202923297589e-05
22.04 -2.3520503934412986e-05
22.080000000000002 -2.335052808892089e-05
22.12 -2.3182084930647106e-05
22.16 -2.3015157905008587e-05
22.2 -2.28497306656547e-05
22.240000000000002 -2.268578707147912e-05
22.28 -2.2523311183679984e-05
22.32 -2.2362287262867167e-05
22.36 -2.2202699766216186e-05
22.400000000000002 -2.2044533344667578e-05
22.44 -2.1887772840171236e-05
22.48 -2.173240328297457e-05
22.52 -2.157840988895407e-05
22.56 -2.1425778056989265e-05
22.6 -2.1274493366378367e-05
22.64 -2.1124541574295033e-05
22.68 -2.097590861328519e-05
22.72 -2.082858058880358e-05
22.76 -2.0682543776789123e-05
22.8 -2.0537784621278455e-05
22.84 -2.0394289732056924e-05
22.88 -2.0252045882346576e-05
22.92 -2.011104000653023e-05
22.96 -1.9971259197911292e-05
23.0 -1.9832690706508338e-05
23.04 -1.9695321936884266e-05
23.080000000000002 -1.955914044600909e-05
23.12 -1.9424133941156047e-05
23.16 -1.9290290277830154e-05
23.2 -1.9157597457728964e-05
23.240000000000002 -1.9026043626734794e-05
23.28 -1.8895617072937915e-05
23.32 -1.876630622469014e-05
23.36 -1.863809964868841e-05
23.400000000000002 -1.8510986048087698e-05
23.44 -1.8384954260642953e-05
23.48 -1.8259993256879274e-05
23.52 -1.8136092138290186e-05
23.56 -1.8013240135563298e-05
23.6 -1.789142660683295e-05
23.64 -1.777064103595949e-05
23.68 -1.765087303083449e-05
23.72 -1.7532112321711764e-05
23.76 -1.7414348759563533e-05
23.8 -1.729757231446145e-05
23.84 -1.7181773073981906e-05
23.88 -1.7066941241635433e-05
23.92 -1.6953067135319617e-05
23.96 -1.6840141185795248e-05
24.0 -1.6728153935185186e-05
24.04 -1.661709603549574e-05
24.080000000000002 -1.650695824716004e-05
24.12 -1.6397731437603176e-05
24.16 -1.628940657982851e-05
24.2 -1.618197475102513e-05
24.240000000000002 -1.607542713119583e-05
24.28 -1.5969755001805476e-05
24.32 -1.5864949744449185e-05
24.36 -1.5761002839540286e-05
24.400000000000002 -1.565790586501751e-05
24.44 -1.5555650495071222e-05
24.48 -1.5454228498888266e-05
24.52 -1.5353631739415276e-05
24.560000000000002 -1.5253852172140019e-05
24.6 -1.5154881843890571e-05
24.64 -1.5056712891651926e-05
24.68 -1.495933754139989e-05
24.72 -1.4862748106951901e-05
24.76 -1.4766936988834478e-05
24.8 -1.467189667316715e-05
24.84 -1.4577619730562415e-05
24.88 -1.4484098815041672e-05
24.92 -1.4391326662966725e-05
24.96 -1.4299296091986693e-05
25.0 -1.4208e-05
25.04 -1.4117431364131293e-05
25.080000000000002 -1.4027583239723002e-05
25.12 -1.3938448759341342e-05
25.16 -1.3850021131796423e-05
25.2 -1.3762293641176412e-05
25.240000000000002 -1.3675259645895398e-05
25.28 -1.358891257775481e-05
25.32 -1.3503245941018088e-05
25.36 -1.3418253311498534e-05
25.400000000000002 -1.3333928335660002e-05
25.44 -1.325026472973034e-05
25.48 -1.3167256278827256e-05
25.52 -1.3084896836096554e-05
25.560000000000002 -1.3003180321862435e-05
25.6 -1.2922100722789761e-05
25.64 -1.2841652091057995e-05
25.68 -1.2761828543546745e-05
25.72 -1.2682624261032664e-05
25.76 -1.2604033487397532e-05
25.8 -1.2526050528847414e-05
25.84 -1.2448669753142586e-05
25.88 -1.2371885588838221e-05
25.92 -1.2295692524535576e-05
25.96 -1.2220085108143538e-05
26.0 -1.2145057946150345e-05
26.04 -1.2070605702905395e-05
26.080000000000002 -1.199672309991092e-05
26.12 -1.1923404915123426e-05
26.16 -1.1850645982264664e-05
26.2 -1.177844119014212e-05
26.240000000000002 -1.170678548197876e-05
26.28 -1.1635673854751974e-05
26.32 -1.1565101358541474e-05
26.36 -1.1495063095886149e-05
26.400000000000002 -1.1425554221149634e-05
26.44 -1.135656993989452e-05
26.48 -1.1288105508265005e-05
26.52 -1.1220156232377967e-05
26.560000000000002 -1.1152717467722226e-05
26.6 -1.1085784618565962e-05
26.64 -1.1019353137372057e-05
26.68 -1.0953418524221376e-05
26.72 -1.0887976326243772e-05
26.76 -1.0823022137056703e-05
26.8 -1.0758551596211445e-05
26.84 -1.0694560388646619e-05
26.88 -1.0631044244149108e-05
26.92 -1.0567998936822101e-05
26.96 -1.0505420284560301e-05
27.0 -1.044330414853201e-05
27.04 -1.038164643266819e-05
27.080000000000002 -1.0320443083158249e-05
27.12 -1.0259690087952532e-05
27.16 -1.0199383476271362e-05
27.2 -1.0139519318120595e-05
27.240000000000002 -1.008009372381353e-05
27.28 -1.0021102843499178e-05
27.32 -9.962542866696642e-06
27.36 -9.904410021835676e-06
27.400000000000002 -9.846700575803253e-06
27.44 -9.789410833496075e-06
27.48 -9.732537137378895e-06
27.52 -9.676075867048651e-06
27.560000000000002 -9.620023438804255e-06
27.6 -9.564376305221997e-06
27.64 -9.509130954736448e-06
27.68 -9.45428391122681e-06
27.72 -9.399831733608643e-06
27.76 -9.345771015430835e-06
27.8 -9.29209838447785e-06
27.84 -9.238810502377009e-06
27.88 -9.185904064210922e-06
27.92 -9.133375798134856e-06
27.96 -9.081222464999054e-06
28.0 -9.029440857975844e-06
28.04 -8.978027802191584e-06
28.080000000000002 -8.926980154363282e-06
28.12 -8.87629480243989e-06
28.16 -8.825968665248114e-06
28.2 -8.775998692142802e-06
28.240000000000002 -8.726381862661735e-06
28.28 -8.67711518618484e-06
28.32 -8.628195701597683e-06
28.36 -8.579620476959253e-06
28.400000000000002 -8.531386609173943e-06
28.44 -8.48349122366769e-06
28.48 -8.435931474068143e-06
28.52 -8.388704541888944e-06
28.560000000000002 -8.341807636217905e-06
28.6 -8.295237993409154e-06
28.64 -8.248992876779106e-06
28.68 -8.203069576306267e-06
28.72 -8.15746540833478e-06
28.76 -8.112177715281675e-06
28.8 -8.067203865347793e-06
28.84 -8.022541252232263e-06
28.88 -7.978187294850577e-06
28.92 -7.934139437056142e-06
28.96 -7.890395147365314e-06
29.0 -7.846951918685784e-06
29.04 -7.803807268048384e-06
29.080000000000002 -7.76095873634217e-06
29.12 -7.718403888052793e-06
29.16 -7.676140311004075e-06
29.2 -7.634165616102772e-06
29.240000000000002 -7.5924774370864845e-06
29.28 -7.55107343027465e-06
29.32 -7.509951274322578e-06
29.36 -7.4691086699785155e-06
29.400000000000002 -7.428543339843658e-06
29.44 -7.388253028135127e-06
29.48 -7.348235500451776e-06
29.52 -7.308488543542908e-06
29.560000000000002 -7.269009965079762e-06
29.6 -7.2297975934298055e-06
29.64 -7.190849277433721e-06
29.68 -7.152162886185142e-06
29.72 -7.113736308813004e-06
29.76 -7.075567454266563e-06
29.8 -7.037654251102987e-06
29.84 -6.999994647277491e-06
29.88 -6.962586609936025e-06
29.92 -6.92542812521043e-06
29.96 -6.888517198016068e-06
30.0 -6.851851851851851e-06
30.04 -6.815430128602685e-06
30.080000000000002 -6.779250088344256e-06
30.12 -6.743309809150171e-06
30.16 -6.707607386901357e-06
30.2 -6.672140935097759e-06
30.240000000000002 -6.636908584672264e-06
30.28 -6.601908483806845e-06
30.32 -6.567138797750852e-06
30.36 -6.5325977086414865e-06
30.400000000000002 -6.4982834153263844e-06
30.44 -6.464194133188301e-06
30.48 -6.430328093971839e-06
30.52 -6.3966835456122464e-06
30.560000000000002 -6.363258752066206e-06
30.6 -6.330051993144633e-06
30.64 -6.2970615643474e-06
30.68 -6.264285776700031e-06
30.72 -6.231722956592287e-06
30.76 -6.199371445618642e-06
30.8 -6.167229600420629e-06
30.84 -6.1352957925309934e-06
30.88 -6.103568408219698e-06
30.92 -6.072045848341687e-06
30.96 -6.040726528186446e-06
31.0 -6.0096088773292645e-06
31.04 -5.978691339484264e-06
31.080000000000002 -5.947972372359093e-06
31.12 -5.9174504475113276e-06
31.16 -5.887124050206493e-06
31.2 -5.856991679277751e-06
31.240000000000002 -5.8270518469871895e-06
31.28 -5.797303078888707e-06
31.32 -5.767743913692459e-06
31.36 -5.73837290313088e-06
31.400000000000002 -5.7091886118262135e-06
31.44 -5.6801896171595854e-06
31.48 -5.651374509141536e-06
31.52 -5.622741890284058e-06
31.560000000000002 -5.5942903754740745e-06
31.6 -5.5660185918483695e-06
31.64 -5.537925178669922e-06
31.68 -5.5100087872056515e-06
31.720000000000002 -5.48226808060555e-06
31.76 -5.4547017337831886e-06
31.8 -5.4273084332975475e-06
31.84 -5.40008687723621e-06
31.88 -5.373035775099857e-06
31.92 -5.34615384768806e-06
31.96 -5.319439826986377e-06
32.0 -5.292892456054687e-06
32.04 -5.266510488916799e-06
32.08 -5.2402926904512915e-06
32.12 -5.21423783628357e-06
32.160000000000004 -5.1883447126791285e-06
32.2 -5.1626121164380285e-06
32.24 -5.1370388547905e-06
32.28 -5.111623745293756e-06
32.32 -5.086365615729933e-06
32.36 -5.0612633040051635e-06
32.4 -5.036315658049774e-06
32.44 -5.011521535719583e-06
32.480000000000004 -4.986879804698291e-06
32.52 -4.962389342400968e-06
32.56 -4.938049035878563e-06
32.6 -4.913857781723514e-06
32.64 -4.889814485976366e-06
32.68 -4.865918064033429e-06
32.72 -4.8421674405554466e-06
32.76 -4.818561549377268e-06
32.8 -4.795099333418504e-06
32.84 -4.771779744595164e-06
32.88 -4.748601743732279e-06
32.92 -4.725564300477424e-06
32.96 -4.702666393215249e-06
33.0 -4.679907008982892e-06
33.04 -4.657285143386339e-06
33.08 -4.63479980051768e-06
33.12 -4.612449992873265e-06
33.160000000000004 -4.59023474127275e-06
33.2 -4.568153074779024e-06
33.24 -4.546204030618979e-06
33.28 -4.5243866541051646e-06
33.32 -4.50269999855827e-06
33.36 -4.481143125230445e-06
33.4 -4.459715103229449e-06
33.44 -4.438415009443609e-06
33.480000000000004 -4.417241928467587e-06
33.52 -4.396194952528954e-06
33.56 -4.37527318141552e-06
33.6 -4.3544757224034725e-06
33.64 -4.333801690186268e-06
33.68 -4.313250206804285e-06
33.72 -4.292820401575224e-06
33.76 -4.272511411025255e-06
33.8 -4.252322378820891e-06
33.84 -4.23225245570158e-06
33.88 -4.212300799413037e-06
33.92 -4.1924665746412405e-06
33.96 -4.172748952947167e-06
34.0 -4.1531471127021944e-06
34.04 -4.133660239024193e-06
34.08 -4.114287523714288e-06
34.12 -4.095028165194293e-06
34.160000000000004 -4.075881368444791e-06
34.2 -4.056846344943891e-06
34.24 -4.037922312606587e-06
34.28 -4.019108495724788e-06
34.32 -4.000404124907964e-06
34.36 -3.981808437024411e-06
34.4 -3.963320675143128e-06
34.44 -3.944940088476306e-06
34.480000000000004 -3.926665932322411e-06
34.52 -3.9084974680098735e-06
34.56 -3.890433962841334e-06
34.6 -3.872474690038501e-06
34.64 -3.854618928687557e-06
34.68 -3.836865963685146e-06
34.72 -3.81921508568491e-06
34.76 -3.8016655910445816e-06
34.800000000000004 -3.784216781773621e-06
34.84 -3.7668679654814057e-06
34.88 -3.7496184553259275e-06
34.92 -3.732467569963045e-06
34.96 -3.715414633496241e-06
35.0 -3.6984589754269052e-06
35.04 -3.6815999306051182e-06
35.08 -3.664836839180946e-06
35.12 -3.648169046556233e-06
35.160000000000004 -3.631595903336879e-06
35.2 -3.6151167652856268e-06
35.24 -3.598730993275291e-06
35.28 -3.5824379532425052e-06
35.32 -3.5662370161419143e-06
35.36 -3.550127557900841e-06
35.4 -3.5341089593744116e-06
35.44 -3.5181806063011352e-06
35.480000000000004 -3.502341889258934e-06
35.52 -3.4865922036216265e-06
35.56 -3.470930949515828e-06
35.6 -3.455357531778311e-06
35.64 -3.439871359913785e-06
35.68 -3.4244718480530983e-06
35.72 -3.4091584149118666e-06
35.76 -3.393930483749513e-06
35.800000000000004 -3.3787874823287206e-06
35.84 -3.3637288428753017e-06
35.88 -3.348754002038443e-06
35.92 -3.3338624008513756e-06
35.96 -3.319053484692426e-06
36.0 -3.3043267032464564e-06
36.04 -3.28968151046669e-06
36.08 -3.275117364536919e-06
36.12 -3.2606337278340846e-06
36.160000000000004 -3.2462300668912302e-06
36.2 -3.2319058523608318e-06
36.24 -3.2176605589784704e-06
36.28 -3.203493665526886e-06
36.32 -3.189404654800376e-06
36.36 -3.1753930135695484e-06
36.4 -3.1614582325464254e-06
36.44 -3.1475998063498836e-06
36.480000000000004 -3.1338172334714426e-06
36.52 -3.1201100162413933e-06
36.56 -3.1064776607952404e-06
36.6 -3.0929196770404964e-06
36.64 -3.079435578623791e-06
36.68 -3.0660248828983024e-06
36.72 -3.05268711089151e-06
36.76 -3.0394217872732605e-06
36.800000000000004 -3.026228440324147e-06
36.84 -3.013106601904201e-06
36.88 -3.0000558074218764e-06
36.92 -2.9870755958033488e-06
36.96 -2.974165509462109e-06
37.0 -2.9613250942688488e-06
37.04 -2.9485538995216446e-06
37.08 -2.935851477916425e-06
37.12 -2.923217385517726e-06
37.160000000000004 -2.9106511817297284e-06
37.2 -2.8981524292675842e-06
37.24 -2.8857206941289985e-06
37.28 -2.873355545566107e-06
37.32 -2.861056556057614e-06
37.36 -2.8488233012811996e-06
37.4 -2.836655360086193e-06
37.44 -2.824552314466509e-06
37.480000000000004 -2.812513749533838e-06
37.52 -2.8005392534911085e-06
37.56 -2.7886284176061803e-06
37.6 -2.776780836185808e-06
37.64 -2.764996106549845e-06
37.68 -2.7532738290056978e-06
37.72 -2.741613606823019e-06
37.76 -2.7300150462086427e-06
37.800000000000004 -2.718477756281759e-06
37.84 -2.7070013490493314e-06
37.88 -2.695585439381728e-06
37.92 -2.6842296449886044e-06
37.96 -2.672933586395004e-06
38.0 -2.661696886917688e-06
38.04 -2.650519172641686e-06
38.08 -2.6394000723970725e-06
38.12 -2.628339217735958e-06
38.160000000000004 -2.6173362429096967e-06
38.2 -2.6063907848463182e-06
38.24 -2.595502483128154e-06
38.28 -2.5846709799696895e-06
38.32 -2.5738959201956155e-06
38.36 -2.5631769512190904e-06
38.4 -2.5525137230202005e-06
38.44 -2.541905888124628e-06
38.480000000000004 -2.531353101582509e-06
38.52 -2.5208550209475044e-06
38.56 -2.510411306256045e-06
38.6 -2.5000216200067876e-06
38.64 -2.4896856271402535e-06
38.68 -2.4794029950186596e-06
38.72 -2.469173393405934e-06
38.76 -2.458996494447918e-06
38.800000000000004 -2.4488719726527527e-06
38.84 -2.4387995048714505e-06
38.88 -2.4287787702786326e-06
38.92 -2.418809450353459e-06
38.96 -2.4088912288607323e-06
39.0 -2.399023791832167e-06
39.04 -2.389206827547839e-06
39.08 -2.379440026517805e-06
39.12 -2.369723081463887e-06
39.160000000000004 -2.360055687301626e-06
39.2 -2.3504375411224074e-06
39.24 -2.3408683421757357e-06
39.28 -2.3313477918516834e-06
39.32 -2.321875593663501e-06
39.36 -2.3124514532303733e-06
39.4 -2.3030750782603504e-06
39.44 -2.2937461785334187e-06
39.480000000000004 -2.284464465884735e-06
39.52 -2.275229654188013e-06
39.56 -2.2660414593390543e-06
39.6 -2.256899599239434e-06
39.64 -2.2478037937803367e-06
39.68 -2.2387537648265306e-06
39.72 -2.229749236200495e-06
39.76 -2.220789933666688e-06
39.800000000000004 -2.211875584915951e-06
39.84 -2.2030059195500694e-06
39.88 -2.1941806690664508e-06
39.92 -2.1853995668429585e-06
39.96 -2.1766623481228753e-06
40.0 -2.1679687499999998e-06
40.04 -2.159318511403883e-06
40.08 -2.150711373085189e-06
40.12 -2.1421470776011975e-06
40.160000000000004 -2.1336253693014207e-06
40.2 -2.1251459943133712e-06
40.24 -2.116708700528431e-06
40.28 -2.1083132375878665e-06
40.32 -2.099959356868959e-06
40.36 -2.0916468114712625e-06
40.4 -2.083375356202981e-06
40.44 -2.0751447475674677e-06
40.480000000000004 -2.0669547437498445e-06
40.52 -2.0588051046037443e-06
40.56 -2.0506955916381605e-06
40.6 -2.042625968004421e-06
40.64 -2.0345959984832773e-06
40.68 -2.0266054494721056e-06
40.72 -2.018654088972219e-06
40.76 -2.0107416865762974e-06
40.800000000000004 -2.0028680134559187e-06
40.84 -1.9950328423492146e-06
40.88 -1.9872359475486176e-06
40.92 -1.9794771048887267e-06
40.96 -1.971756091734278e-06
41.0 -1.9640726869682186e-06
41.04 -1.9564266709798862e-06
41.08 -1.9488178256532937e-06
41.12 -1.94124593435551e-06
41.160000000000004 -1.9337107819251504e-06
41.2 -1.9262121546609658e-06
41.24 -1.918749840310522e-06
41.28 -1.9113236280589924e-06
41.32 -1.9039333085180363e-06
41.36 -1.896578673714779e-06
41.4 -1.8892595170808892e-06
41.44 -1.881975633441745e-06
41.480000000000004 -1.8747268190057003e-06
41.52 -1.8675128713534435e-06
41.56 -1.8603335894274395e-06
41.6 -1.8531887735214756e-06
41.64 -1.846078225270289e-06
41.68 -1.8390017476392869e-06
41.72 -1.8319591449143556e-06
41.76 -1.8249502226917552e-06
41.800000000000004 -1.817974787868101e-06
41.84 -1.8110326486304392e-06
41.88 -1.8041236144463914e-06
41.92 -1.7972474960544001e-06
41.96 -1.7904041054540476e-06
42.0 -1.7835932558964628e-06
42.04 -1.7768147618748073e-06
42.08 -1.7700684391148445e-06
42.12 -1.7633541045655875e-06
42.160000000000004 -1.7566715763900272e-06
42.2 -1.750020673955944e-06
42.24 -1.7434012178267878e-06
42.28 -1.7368130297526442e-06
42.32 -1.7302559326612746e-06
42.36 -1.723729750649232e-06
42.4 -1.7172343089730528e-06
42.44 -1.7107694340405213e-06
42.480000000000004 -1.7043349534020107e-06
42.52 -1.6979306957418994e-06
42.56 -1.6915564908700502e-06
42.6 -1.685212169713372e-06
42.64 -1.6788975643074477e-06
42.68 -1.6726125077882345e-06
42.72 -1.6663568343838312e-06
42.76 -1.6601303794063166e-06
42.800000000000004 -1.6539329792436573e-06
42.84 -1.6477644713516848e-06
42.88 -1.641624694246131e-06
42.92 -1.6355134874947424e-06
42.96 -1.629430691709453e-06
43.0 -1.623376148538625e-06
43.04 -1.617349700659353e-06
43.08 -1.611351191769833e-06
43.12 -1.6053804665817969e-06
43.160000000000004 -1.599437370813005e-06
43.2 -1.5935217511798106e-06
43.24 -1.5876334553897721e-06
43.28 -1.5817723321343393e-06
43.32 -1.575938231081595e-06
43.36 -1.5701310028690567e-06
43.4 -1.5643504990965394e-06
43.44 -1.5585965723190748e-06
43.480000000000004 -1.5528690760398923e-06
43.52 -1.547167864703459e-06
43.56 -1.5414927936885692e-06
43.6 -1.5358437193015002e-06
43.64 -1.5302204987692196e-06
43.68 -1.5246229902326507e-06
43.72 -1.5190510527399903e-06
43.76 -1.513504546240084e-06
43.800000000000004 -1.5079833315758556e-06
43.84 -1.5024872704777914e-06
43.88 -1.497016225557472e-06
43.92 -1.4915700603011654e-06
43.96 -1.486148639063467e-06
44.0 -1.480751827060993e-06
44.04 -1.4753794903661264e-06
44.08 -1.4700314959008116e-06
44.12 -1.464707711430402e-06
44.160000000000004 -1.4594080055575557e-06
44.2 -1.454132247716184e-06
44.24 -1.4488803081654441e-06
44.28 -1.4436520579837842e-06
44.32 -1.4384473690630367e-06
44.36 -1.4332661141025585e-06
44.4 -1.4281081666034188e-06
44.44 -1.422973400862633e-06
44.480000000000004 -1.417861691967445e-06
44.52 -1.4127729157896572e-06
44.56 -1.407706948979999e-06
44.6 -1.4026636689625488e-06
44.64 -1.397642953929198e-06
44.68 -1.3926446828341575e-06
44.72 -1.3876687353885116e-06
44.76 -1.3827149920548133e-06
44.800000000000004 -1.3777833340417236e-06
44.84 -1.372873643298697e-06
44.88 -1.3679858025107022e-06
44.92 -1.3631196950929914e-06
44.96 -1.3582752051859105e-06
45.0 -1.3534522176497484e-06
45.04 -1.3486506180596293e-06
45.08 -1.3438702927004454e-06
45.12 -1.339111128561829e-06
45.160000000000004 -1.3343730133331653e-06
45.2 -1.329655835398648e-06
45.24 -1.3249594838323665e-06
45.28 -1.3202838483934395e-06
45.32 -1.3156288195211844e-06
45.36 -1.3109942883303243e-06
45.4 -1.3063801466062338e-06
45.44 -1.3017862868002238e-06
45.480000000000004 -1.2972126020248592e-06
45.52 -1.2926589860493202e-06
45.56 -1.2881253332947934e-06
45.6 -1.2836115388299034e-06
45.64 -1.2791174983661792e-06
45.68 -1.2746431082535578e-06
45.72 -1.270188265475919e-06
45.76 -1.265752867646661e-06
45.800000000000004 -1.2613368130043043e-06
45.84 -1.2569400004081395e-06
45.88 -1.2525623293338959e-06
45.92 -1.2482036998694558e-06
45.96 -1.2438640127105975e-06
46.0 -1.2395431691567711e-06
46.04 -1.2352410711069087e-06
46.08 -1.2309576210552666e-06
46.12 -1.2266927220872998e-06
46.160000000000004 -1.2224462778755682e-06
46.2 -1.2182181926756796e-06
46.24 -1.214008371322253e-06
46.28 -1.209816719224926e-06
46.32 -1.2056431423643846e-06
46.36 -1.2014875472884277e-06
46.4 -1.1973498411080602e-06
46.44 -1.1932299314936194e-06
46.480000000000004 -1.1891277266709246e-06
46.52 -1.1850431354174676e-06
46.56 -1.1809760670586197e-06
46.6 -1.1769264314638776e-06
46.64 -1.1728941390431337e-06
46.68 -1.1688791007429785e-06
46.72 -1.1648812280430256e-06
46.76 -1.1609004329522722e-06
46.800000000000004 -1.1569366280054811e-06
46.84 -1.1529897262595978e-06
46.88 -1.1490596412901846e-06
46.92 -1.1451462871878928e-06
46.96 -1.1412495785549546e-06
47.0 -1.137369430501707e-06
47.04 -1.1335057586431366e-06
47.08 -1.129658479095457e-06
47.12 -1.1258275084727061e-06
47.160000000000004 -1.1220127638833747e-06
47.2 -1.1182141629270594e-06
47.24 -1.1144316236911367e-06
47.28 -1.1106650647474682e-06
47.32 -1.106914405149128e-06
47.36 -1.1031795644271556e-06
47.4 -1.0994604625873326e-06
47.44 -1.0957570201069852e-06
47.480000000000004 -1.0920691579318088e-06
47.52 -1.0883967974727208e-06
47.56 -1.084739860602731e-06
47.6 -1.0810982696538407e-06
47.64 -1.0774719474139635e-06
47.68 -1.073860817123869e-06
47.72 -1.0702648024741508e-06
47.76 -1.0666838276022146e-06
47.800000000000004 -1.0631178170892916e-06
47.84 -1.059566695957476e-06
47.88 -1.0560303896667773e-06
47.92 -1.052508824112203e-06
47.96 -1.0490019256208594e-06
48.0 -1.045509620949074e-06
48.04 -1.0420318372795405e-06
48.08 -1.0385685022184837e-06
48.120000000000005 -1.035119543792847e-06
48.160000000000004 -1.0316848904475026e-06
48.2 -1.028264471042476e-06
48.24 -1.0248582148501985e-06
48.28 -1.0214660515527765e-06
48.32 -1.0180879112392819e-06
48.36 -1.014723724403062e-06
48.4 -1.0113734219390707e-06
48.44 -1.0080369351412177e-06
48.480000000000004 -1.0047141956997394e-06
48.52 -1.001405135698589e-06
48.56 -9.981096876128422e-07
48.6 -9.948277843061278e-07
48.64 -9.91559359028074e-07
48.68 -9.883043454117733e-07
48.72 -9.850626774712679e-07
48.76 -9.818342895990525e-07
48.800000000000004 -9.786191165635945e-07
48.84 -9.754170935068767e-07
48.88 -9.722281559419514e-07
48.92 -9.690522397505182e-07
48.96 -9.658892811805166e-07
49.0 -9.627392168437383e-07
49.04 -9.596019837134548e-07
49.08 -9.564775191220635e-07
49.120000000000005 -9.533657607587512e-07
49.160000000000004 -9.502666466671756e-07
49.2 -9.471801152431607e-07
49.24 -9.441061052324113e-07
49.28 -9.410445557282454e-07
49.32 -9.379954061693393e-07
49.36 -9.349585963374932e-07
49.4 -9.319340663554105e-07
49.44 -9.289217566844938e-07
49.480000000000004 -9.25921608122657e-07
49.52 -9.229335618021549e-07
49.56 -9.199575591874246e-07
49.6 -9.169935420729468e-07
49.64 -9.140414525811198e-07
49.68 -9.111012331601509e-07
49.72 -9.081728265819605e-07
49.76 -9.052561759401045e-07
49.800000000000004 -9.023512246477084e-07
49.84 -8.994579164354203e-07
49.88 -8.965761953493735e-07
49.92 -8.937060057491683e-07
49.96 -8.908472923058666e-07
50.0 -8.88e-07
50.04 -8.851640741195941e-07
50.08 -8.823394602582058e-07
50.120000000000005 -8.79526104312974e-07
50.160000000000004 -8.767239524826876e-07
50.2 -8.73932951265862e-07
50.24 -8.711530474588339e-07
50.28 -8.683841881538678e-07
50.32 -8.656263207372764e-07
50.36 -8.628793928875545e-07
50.4 -8.601433525735258e-07
50.44 -8.574181480525034e-07
50.480000000000004 -8.547037278684624e-07
50.52 -8.520000408502288e-07
50.56 -8.493070361096756e-07
50.6 -8.466246630399365e-07
50.64 -8.439528713136305e-07
50.68 -8.412916108810998e-07
50.72 -8.386408319686584e-07
50.76 -8.360004850768559e-07
50.800000000000004 -8.333705209787501e-07
50.84 -8.30750890718197e-07
50.88 -8.281415456081463e-07
50.92 -8.255424372289535e-07
50.96 -8.229535174267035e-07
51.0 -8.203747383115446e-07
51.04 -8.178060522560346e-07
51.08 -8.152474118934997e-07
51.120000000000005 -8.126987701164022e-07
51.160000000000004 -8.10160080074725e-07
51.2 -8.076312951743601e-07
51.24 -8.051123690755145e-07
51.28 -8.026032556911247e-07
51.32 -8.001039091852824e-07
51.36 -7.976142839716715e-07
51.4 -7.951343347120169e-07
51.44 -7.926640163145415e-07
51.480000000000004 -7.902032839324372e-07
51.52 -7.877520929623458e-07
51.56 -7.853103990428473e-07
51.6 -7.828781580529634e-07
51.64 -7.804553261106684e-07
51.68 -7.780418595714116e-07
51.72 -7.756377150266495e-07
51.76 -7.732428493023888e-07
51.800000000000004 -7.708572194577383e-07
51.84 -7.684807827834735e-07
51.88 -7.661134968006066e-07
51.92 -7.637553192589711e-07
51.96 -7.614062081358137e-07
52.0 -7.590661216343965e-07
52.04 -7.567350181826085e-07
52.08 -7.544128564315872e-07
52.120000000000005 -7.520995952543495e-07
52.160000000000004 -7.497951937444325e-07
52.2 -7.474996112145427e-07
52.24 -7.452128071952142e-07
52.28 -7.429347414334786e-07
52.32 -7.406653738915415e-07
52.36 -7.384046647454687e-07
52.4 -7.361525743838825e-07
52.44 -7.339090634066652e-07
52.480000000000004 -7.316740926236725e-07
52.52 -7.294476230534575e-07
52.56 -7.272296159219984e-07
52.6 -7.250200326614402e-07
52.64 -7.228188349088421e-07
52.68 -7.206259845049347e-07
52.72 -7.184414434928843e-07
52.76 -7.162651741170676e-07
52.800000000000004 -7.140971388218521e-07
52.84 -7.119373002503888e-07
52.88 -7.097856212434075e-07
52.92 -7.076420648380258e-07
52.96 -7.055065942665628e-07
53.0 -7.033791729553623e-07
53.04 -7.01259764523623e-07
53.08 -6.991483327822377e-07
53.120000000000005 -6.970448417326391e-07
53.160000000000004 -6.949492555656561e-07
53.2 -6.928615386603726e-07
53.24 -6.90781655583e-07
53.28 -6.887095710857536e-07
53.32 -6.866452501057371e-07
53.36 -6.84588657763836e-07
53.4 -6.825397593636172e-07
53.44 -6.804985203902357e-07
53.480000000000004 -6.784649065093498e-07
53.52 -6.76438883566044e-07
53.56 -6.744204175837562e-07
53.6 -6.724094747632153e-07
53.64 -6.70406021481385e-07
53.68 -6.684100242904137e-07
53.72 -6.664214499165924e-07
53.76 -6.644402652593192e-07
53.800000000000004 -6.624664373900707e-07
53.84 -6.604999335513813e-07
53.88 -6.585407211558273e-07
53.92 -6.565887677850188e-07
53.96 -6.546440411885994e-07
54.0 -6.527065092832506e-07
54.04 -6.507761401517045e-07
54.08 -6.488529020417619e-07
54.120000000000005 -6.46936763365317e-07
54.160000000000004 -6.450276926973905e-07
54.2 -6.431256587751655e-07
54.24 -6.412306304970333e-07
54.28 -6.393425769216431e-07
54.32 -6.374614672669601e-07
54.36 -6.355872709093277e-07
54.4 -6.337199573825372e-07
54.44 -6.318594963769032e-07
54.480000000000004 -6.300058577383457e-07
54.52 -6.281590114674777e-07
54.56 -6.263189277186987e-07
54.6 -6.244855767992936e-07
54.64 -6.226589291685402e-07
54.68 -6.208389554368184e-07
54.72 -6.190256263647298e-07
54.76 -6.17218912862219e-07
54.800000000000004 -6.154187859877033e-07
54.84 -6.13625216947208e-07
54.88 -6.118381770935047e-07
54.92 -6.10057637925259e-07
54.96 -6.082835710861809e-07
55.0 -6.065159483641827e-07
55.04 -6.047547416905407e-07
55.08 -6.029999231390637e-07
55.120000000000005 -6.012514649252659e-07
55.160000000000004 -5.99509339405547e-07
55.2 -5.977735190763748e-07
55.24 -5.960439765734755e-07
55.28 -5.94320684671028e-07
55.32 -5.926036162808646e-07
55.36 -5.908927444516756e-07
55.4 -5.891880423682199e-07
55.44 -5.874894833505402e-07
55.480000000000004 -5.857970408531833e-07
55.52 -5.841106884644272e-07
55.56 -5.8243039990551e-07
55.6 -5.807561490298656e-07
55.64 -5.790879098223655e-07
55.68 -5.774256563985631e-07
55.72 -5.757693630039441e-07
55.76 -5.741190040131826e-07
55.800000000000004 -5.724745539293993e-07
55.84 -5.708359873834285e-07
55.88 -5.692032791330854e-07
55.92 -5.675764040624409e-07
55.96 -5.659553371811012e-07
56.0 -5.643400536234902e-07
56.04 -5.627305286481382e-07
56.08 -5.61126737636974e-07
56.120000000000005 -5.59528656094622e-07
56.160000000000004 -5.579362596477051e-07
56.2 -5.563495240441489e-07
56.24 -5.547684251524931e-07
56.28 -5.531929389612068e-07
56.32 -5.516230415780071e-07
56.36 -5.500587092291835e-07
56.4 -5.484999182589251e-07
56.44 -5.469466451286534e-07
56.480000000000004 -5.453988664163584e-07
56.52 -5.438565588159401e-07
56.56 -5.423196991365525e-07
56.6 -5.407882643019528e-07
56.64 -5.392622313498552e-07
56.68 -5.377415774312876e-07
56.72 -5.362262798099533e-07
56.76 -5.347163158615966e-07
56.800000000000004 -5.332116630733715e-07
56.84 -5.317122990432165e-07
56.88 -5.302182014792306e-07
56.92 -5.287293481990549e-07
56.96 -5.27245717129259e-07
57.0 -5.257672863047285e-07
57.04 -5.24294033868059e-07
57.08 -5.228259380689529e-07
57.120000000000005 -5.21362977263619e-07
57.160000000000004 -5.199051299141787e-07
57.2 -5.184523745880721e-07
57.24 -5.170046899574711e-07
57.28 -5.155620547986941e-07
57.32 -5.141244479916264e-07
57.36 -5.126918485191417e-07
57.4 -5.112642354665292e-07
57.44 -5.098415880209238e-07
57.480000000000004 -5.084238854707387e-07
57.52 -5.070111072051047e-07
57.56 -5.056032327133082e-07
57.6 -5.042002415842371e-07
57.64 -5.028021135058278e-07
57.68 -5.014088282645164e-07
57.72 -5.000203657446934e-07
57.76 -4.986367059281611e-07
57.800000000000004 -4.972578288935948e-07
57.84 -4.958837148160089e-07
57.88 -4.945143439662225e-07
57.92 -4.931496967103322e-07
57.96 -4.917897535091859e-07
58.0 -4.904344949178615e-07
58.04 -4.890839015851466e-07
58.08 -4.87737954253024e-07
58.120000000000005 -4.863966337561578e-07
58.160000000000004 -4.850599210213856e-07
58.2 -4.837277970672106e-07
58.24 -4.824002430032996e-07
58.28 -4.810772400299822e-07
58.32 -4.797587694377547e-07
58.36 -4.78444812606785e-07
58.4 -4.771353510064232e-07
58.44 -4.758303661947127e-07
58.480000000000004 -4.745298398179053e-07
58.52 -4.732337536099806e-07
58.56 -4.7194208939216565e-07
58.6 -4.706548290724597e-07
58.64 -4.6937195464516114e-07
58.68 -4.680934481903973e-07
58.72 -4.668192918736572e-07
58.76 -4.6554946794532705e-07
58.800000000000004 -4.6428395874022864e-07
58.84 -4.630227466771615e-07
58.88 -4.617658142584454e-07
58.92 -4.605131440694684e-07
58.96 -4.59264718778236e-07
59.0 -4.5802052113492367e-07
59.04 -4.5678053397143177e-07
59.08 -4.5554474020094354e-07
59.120000000000005 -4.5431312281748515e-07
59.160000000000004 -4.5308566489548994e-07
59.2 -4.5186234958936285e-07
59.24 -4.5064316013304955e-07
59.28 -4.494280798396076e-07
59.32 -4.4821709210078005e-07
59.36 -4.470101803865714e-07
59.4 -4.4580732824482666e-07
59.44 -4.446085193008128e-07
59.480000000000004 -4.434137372568023e-07
59.52 -4.422229658916602e-07
59.56 -4.4103618906043234e-07
59.6 -4.398533906939367e-07
59.64 -4.38674554798358e-07
59.68 -4.374996654548432e-07
59.72 -4.3632870681910077e-07
59.76 -4.3516166312100155e-07
59.800000000000004 -4.339985186641822e-07
59.84 -4.328392578256519e-07
59.88 -4.3168386505539924e-07
59.92 -4.3053232487600427e-07
59.96 -4.293846218822505e-07
60.0 -4.282407407407407e-07
60.04 -4.2710066618951445e-07
60.08 -4.259643830376678e-07
60.120000000000005 -4.248318761649755e-07
60.160000000000004 -4.23703130521516e-07
60.2 -4.2257813112729715e-07
60.24 -4.214568630718857e-07
60.28 -4.2033931151403826e-07
60.32 -4.192254616813348e-07
60.36 -4.1811529886981366e-07
60.4 -4.170088084436099e-07
60.44 -4.1590597583459457e-07
60.480000000000004 -4.148067865420165e-07
60.52 -4.1371122613214774e-07
60.56 -4.1261928023792783e-07
60.6 -4.115309345586134e-07
60.64 -4.1044617485942823e-07
60.68 -4.0936498697121554e-07
60.72 -4.082873567900929e-07
60.76 -4.072132702771083e-07
60.800000000000004 -4.0614271345789903e-07
60.84 -4.0507567242235265e-07
60.88 -4.040121333242688e-07
60.92 -4.0295208238102435e-07
60.96 -4.0189550587323995e-07
61.0 -4.008423901444484e-07
61.04 -3.997927216007654e-07
61.08 -3.987464867105618e-07
61.120000000000005 -3.9770367200413786e-07
61.160000000000004 -3.966642640734004e-07
61.2 -3.9562824957153956e-07
61.24 -3.9459561521271e-07
61.28 -3.935663477717125e-07
61.32 -3.925404340836777e-07
61.36 -3.915178610437519e-07
61.4 -3.904986156067846e-07
61.44 -3.894826847870179e-07
61.480000000000004 -3.884700556577772e-07
61.52 -3.8746071535116515e-07
61.56 -3.8645465105775527e-07
61.6 -3.854518500262893e-07
61.64 -3.844522995633751e-07
61.68 -3.834559870331871e-07
61.72 -3.824628998571677e-07
61.76 -3.8147302551373115e-07
61.800000000000004 -3.804863515379685e-07
61.84 -3.7950286552135544e-07
61.88 -3.785225551114599e-07
61.92 -3.7754540801165285e-07
61.96 -3.765714119808208e-07
62.0 -3.7560055483307903e-07
62.04 -3.746328244374872e-07
62.08 -3.736682087177665e-07
62.120000000000005 -3.727066956520179e-07
62.160000000000004 -3.717482732724433e-07
62.2 -3.707929296650667e-07
62.24 -3.6984065296945797e-07
62.28 -3.6889143137845805e-07
62.32 -3.679452531379058e-07
62.36 -3.67002106546366e-07
62.4 -3.6606197995485946e-07
62.440000000000005 -3.651248617665943e-07
62.480000000000004 -3.6419074043669934e-07
62.52 -3.6325960447195784e-07
62.56 -3.623314424305442e-07
62.6 -3.61406242921761e-07
62.64 -3.604839946057787e-07
62.68 -3.5956468619337553e-07
62.72 -3.5864830644568e-07
62.76 -3.577348441739141e-07
62.800000000000004 -3.5682428823913834e-07
62.84 -3.5591662755199885e-07
62.88 -3.550118510724741e-07
62.92 -3.541099478096251e-07
62.96 -3.53210906821346e-07
63.0 -3.5231471721411613e-07
63.04 -3.5142136814275363e-07
63.08 -3.505308488101707e-07
63.120000000000005 -3.4964314846712965e-07
63.160000000000004 -3.4875825641200125e-07
63.2 -3.478761619905231e-07
63.24 -3.46996854595561e-07
63.28 -3.4612032366687014e-07
63.32 -3.4524655869085887e-07
63.36 -3.443755492003532e-07
63.4 -3.435072847743625e-07
63.440000000000005 -3.426417550378469e-07
63.480000000000004 -3.4177894966148623e-07
63.52 -3.409188583614493e-07
63.56 -3.4006147089916536e-07
63.6 -3.392067770810967e-07
63.64 -3.383547667585124e-07
63.68 -3.3750542982726314e-07
63.72 -3.366587562275579e-07
63.76 -3.3581473594374104e-07
63.800000000000004 -3.349733590040717e-07
63.84 -3.3413461548050374e-07
63.88 -3.332984954884667e-07
63.92 -3.3246498918664857e-07
63.96 -3.316340867767798e-07
64.0 -3.3080577850341796e-07
64.04 -3.299800546537339e-07
64.08 -3.2915690555729994e-07
64.12 -3.283363215858769e-07
64.16 -3.275182931532057e-07
64.2 -3.267028107147966e-07
64.24 -3.2588986476772313e-07
64.28 -3.2507944585041313e-07
64.32000000000001 -3.2427154454244553e-07
64.36 -3.2346615146434477e-07
64.4 -3.226632572773768e-07
64.44 -3.218628526833489e-07
64.48 -3.2106492842440626e-07
64.52 -3.2026947528283483e-07
64.56 -3.1947648408085973e-07
64.6 -3.1868594568045027e-07
64.64 -3.178978509831208e-07
64.68 -3.171121909297374e-07
64.72 -3.163289565003227e-07
64.76 -3.155481387138616e-07
64.8 -3.147697286281109e-07
64.84 -3.1399371733940627e-07
64.88 -3.1322009598247396e-07
64.92 -3.1244885573023986e-07
64.96000000000001 -3.116799877936432e-07
65.0 -3.109134834214488e-07
65.04 -3.101493339000605e-07
65.08 -3.093875305533378e-07
65.12 -3.086280647424102e-07
65.16 -3.0787092786549624e-07
65.2 -3.0711611135771963e-07
65.24 -3.0636360669093034e-07
65.28 -3.0561340537352285e-07
65.32000000000001 -3.04865498950259e-07
65.36 -3.041198790020893e-07
65.4 -3.0337653714597527e-07
65.44 -3.026354650347154e-07
65.48 -3.0189665435676796e-07
65.52 -3.0116009683607923e-07
65.56 -3.0042578423190815e-07
65.6 -2.996937083386565e-07
65.64 -2.989638609856955e-07
65.68 -2.9823623403719777e-07
65.72 -2.9751081939196664e-07
65.76 -2.9678760898326745e-07
65.8 -2.960665947786618e-07
65.84 -2.95347768779839e-07
65.88 -2.9463112302245255e-07
65.92 -2.9391664957595307e-07
65.96000000000001 -2.9320434054342656e-07
66.0 -2.9249418806143074e-07
66.04 -2.9178618429983195e-07
66.08 -2.910803214616462e-07
66.12 -2.9037659178287624e-07
66.16 -2.89674987532355e-07
66.2 -2.889755010115841e-07
66.24 -2.8827812455457905e-07
66.28 -2.8758285052770984e-07
66.32000000000001 -2.8688967132954687e-07
66.36 -2.8619857939070505e-07
66.4 -2.85509567173689e-07
66.44 -2.8482262717274086e-07
66.48 -2.841377519136862e-07
66.52 -2.834549339537838e-07
66.56 -2.827741658815728e-07
66.6 -2.820954403167248e-07
66.64 -2.814187499098919e-07
66.68 -2.807440873425606e-07
66.72 -2.8007144532690283e-07
66.76 -2.7940081660562837e-07
66.8 -2.7873219395184054e-07
66.84 -2.7806557016888865e-07
66.88 -2.774009380902256e-07
66.92 -2.767382905792618e-07
66.96000000000001 -2.760776205292242e-07
67.0 -2.7541892086301303e-07
67.04 -2.7476218453305963e-07
67.08 -2.741074045211875e-07
67.12 -2.7345457383847e-07
67.16 -2.7280368552509365e-07
67.2 -2.7215473265021703e-07
67.24 -2.7150770831183547e-07
67.28 -2.7086260563664177e-07
67.32000000000001 -2.702194177798917e-07
67.36 -2.695781379252678e-07
67.4 -2.6893875928474365e-07
67.44 -2.683012750984515e-07
67.48 -2.6766567863454706e-07
67.52 -2.6703196318907846e-07
67.56 -2.664001220858527e-07
67.6 -2.657701486763057e-07
67.64 -2.651420363393706e-07
67.68 -2.6451577848134873e-07
67.72 -2.638913685357803e-07
67.76 -2.6326879996331483e-07
67.8 -2.6264806625158494e-07
67.84 -2.6202916091507753e-07
67.88 -2.614120774950091e-07
67.92 -2.6079680955919794e-07
67.96000000000001 -2.6018335070194067e-07
68.0 -2.5957169454388715e-07
68.04 -2.589618347319158e-07
68.08 -2.5835376493901207e-07
68.12 -2.577474788641442e-07
68.16 -2.57142970232143e-07
68.2 -2.5654023279357896e-07
68.24 -2.559392603246433e-07
68.28 -2.5534004662702627e-07
68.32000000000001 -2.5474258552779943e-07
68.36 -2.541468708792962e-07
68.4 -2.535528965589932e-07
68.44 -2.5296065646939417e-07
68.48 -2.523701445379117e-07
68.52 -2.5178135471675217e-07
68.56 -2.5119428098279923e-07
68.60000000000001 -2.5060891733749946e-07
68.64 -2.5002525780674777e-07
68.68 -2.4944329644077295e-07
68.72 -2.488630273140257e-07
68.76 -2.4828444452506463e-07
68.8 -2.477075421964455e-07
68.84 -2.4713231447460865e-07
68.88 -2.465587555297691e-07
68.92 -2.4598685955580543e-07
68.96000000000001 -2.454166207701507e-07
69.0 -2.448480334136832e-07
69.04 -2.442810917506171e-07
69.08 -2.4371579006839594e-07
69.12 -2.431521226775834e-07
69.16 -2.4259008391175827e-07
69.2 -2.420296681274063e-07
69.24 -2.414708697038161e-07
69.28 -2.4091368304297233e-07
69.32000000000001 -2.403581025694524e-07
69.36 -2.3980412273032164e-07
69.4 -2.392517379950294e-07
69.44 -2.387009428553069e-07
69.48 -2.3815173182506356e-07
69.52 -2.3760409944028635e-07
69.56 -2.3705804025893677e-07
69.60000000000001 -2.365135488608513e-07
69.64 -2.3597061984764033e-07
69.68 -2.3542924784258786e-07
69.72 -2.348894274905531e-07
69.76 -2.3435115345787047e-07
69.8 -2.3381442043225245e-07
69.84 -2.332792231226903e-07
69.88 -2.3274555625935827e-07
69.92 -2.3221341459351507e-07
69.96000000000001 -2.3168279289740908e-07
70.0 -2.3115368596418158e-07
70.04 -2.3062608860777115e-07
70.08 -2.300999956628199e-07
70.12 -2.295754019845775e-07
70.16 -2.2905230244880913e-07
70.2 -2.2853069195170005e-07
70.24 -2.2801056540976455e-07
70.28 -2.2749191775975173e-07
70.32000000000001 -2.2697474395855495e-07
70.36 -2.264590389831196e-07
70.4 -2.2594479783035167e-07
70.44 -2.2543201551702815e-07
70.48 -2.2492068707970568e-07
70.52 -2.244108075746323e-07
70.56 -2.2390237207765658e-07
70.60000000000001 -2.2339537568414037e-07
70.64 -2.2288981350886964e-07
70.68 -2.2238568068596653e-07
70.72 -2.2188297236880257e-07
70.76 -2.213816837299109e-07
70.8 -2.2088180996090073e-07
70.84 -2.2038334627236996e-07
70.88 -2.1988628789382095e-07
70.92 -2.1939063007357393e-07
70.96000000000001 -2.1889636807868337e-07
71.0 -2.1840349719485302e-07
71.04 -2.1791201272635165e-07
71.08 -2.1742190999593055e-07
71.12 -2.1693318434473924e-07
71.16 -2.16445831132244e-07
71.2 -2.1595984573614443e-07
71.24 -2.1547522355229288e-07
71.28 -2.1499195999461156e-07
71.32000000000001 -2.1451005049501302e-07
71.36 -2.1402949050331864e-07
71.4 -2.1355027548717835e-07
71.44 -2.1307240093199166e-07
71.48 -2.125958623408271e-07
71.52 -2.1212065523434457e-07
71.56 -2.1164677515071532e-07
71.60000000000001 -2.1117421764554504e-07
71.64 -2.1070297829179544e-07
71.68 -2.1023305267970636e-07
71.72 -2.0976443641671995e-07
71.76 -2.0929712512740268e-07
71.8 -2.0883111445337035e-07
71.84 -2.0836640005321098e-07
71.88 -2.0790297760241055e-07
71.92 -2.0744084279327663e-07
71.96000000000001 -2.0697999133486475e-07
72.0 -2.0652041895290352e-07
72.04 -2.0606212138972017e-07
72.08 -2.0560509440416811e-07
72.12 -2.0514933377155225e-07
72.16 -2.0469483528355744e-07
72.2 -2.042415947481747e-07
72.24 -2.0378960798963029e-07
72.28 -2.033388708483126e-07
72.32000000000001 -2.028893791807019e-07
72.36 -2.0244112885929853e-07
72.4 -2.0199411577255199e-07
72.44 -2.0154833582479142e-07
72.48 -2.011037849361544e-07
72.52 -2.0066045904251843e-07
72.56 -2.0021835409543037e-07
72.60000000000001 -1.9977746606203852e-07
72.64 -1.993377909250235e-07
72.68 -1.9889932468252933e-07
72.72 -1.9846206334809678e-07
72.76 -1.9802600295059417e-07
72.8 -1.975911395341516e-07
72.84 -1.971574691580923e-07
72.88 -1.9672498789686772e-07
72.92 -1.962936918399896e-07
72.96000000000001 -1.9586357709196516e-07
73.0 -1.9543463977223095e-07
73.04 -1.9500687601508708e-07
73.08 -1.9458028196963318e-07
73.12 -1.9415485379970252e-07
73.16 -1.9373058768379883e-07
73.2 -1.9330747981503103e-07
73.24 -1.928855264010506e-07
73.28 -1.9246472366398693e-07
73.32000000000001 -1.920450678403854e-07
73.36 -1.916265551811439e-07
73.4 -1.912091819514499e-07
73.44 -1.9079294443071937e-07
73.48 -1.903778389125336e-07
73.52 -1.8996386170457878e-07
73.56 -1.895510091285836e-07
73.60000000000001 -1.8913927752025919e-07
73.64 -1.887286632292379e-07
73.68 -1.8831916261901256e-07
73.72 -1.8791077206687753e-07
73.76 -1.8750348796386727e-07
73.8 -1.8709730671469847e-07
73.84 -1.866922247377093e-07
73.88 -1.8628823846480176e-07
73.92 -1.858853443413818e-07
73.96000000000001 -1.8548353882630201e-07
74.0 -1.8508281839180305e-07
74.04 -1.8468317952345538e-07
74.08 -1.8428461872010279e-07
74.12 -1.8388713249380394e-07
74.16 -1.8349071736977657e-07
74.2 -1.830953698863396e-07
74.24 -1.8270108659485788e-07
74.28 -1.8230786405968494e-07
74.32000000000001 -1.8191569885810802e-07
74.36 -1.8152458758029207e-07
74.4 -1.8113452682922401e-07
74.44 -1.8074551322065857e-07
74.48 -1.803575433830624e-07
74.52 -1.799706139575607e-07
74.56 -1.795847215978817e-07
74.60000000000001 -1.7919986297030368e-07
74.64 -1.7881603475360087e-07
74.68 -1.7843323363898937e-07
74.72 -1.7805145633007497e-07
74.76 -1.7767069954279906e-07
74.8 -1.7729096000538706e-07
74.84 -1.7691223445829463e-07
74.88 -1.765345196541568e-07
74.92 -1.7615781235773467e-07
74.96000000000001 -1.7578210934586486e-07
75.0 -1.7540740740740741e-07
75.04 -1.7503370334319428e-07
75.08 -1.746609939659793e-07
75.12 -1.7428927610038627e-07
75.16 -1.7391854658285958e-07
75.2 -1.73548802261613e-07
75.24 -1.731800399965804e-07
75.28 -1.728122566593653e-07
75.32000000000001 -1.7244544913319206e-07
75.36 -1.720796143128561e-07
75.4 -1.7171474910467468e-07
75.44 -1.7135085042643868e-07
75.48 -1.709879152073632e-07
75.52 -1.7062594038804017e-07
75.56 -1.7026492292038902e-07
75.60000000000001 -1.6990485976760993e-07
75.64 -1.6954574790413552e-07
75.68 -1.6918758431558321e-07
75.72 -1.6883036599870866e-07
75.76 -1.68474089961358e-07
75.8 -1.6811875322242183e-07
75.84 -1.6776435281178777e-07
75.88 -1.6741088577029515e-07
75.92 -1.6705834914968775e-07
75.96000000000001 -1.6670674001256893e-07
76.0 -1.663560554323555e-07
76.04 -1.6600629249323177e-07
76.08 -1.6565744829010537e-07
76.12 -1.6530951992856108e-07
76.16 -1.6496250452481703e-07
76.2 -1.6461639920567904e-07
76.24 -1.6427120110849737e-07
76.28 -1.6392690738112122e-07
76.32000000000001 -1.6358351518185605e-07
76.36 -1.632410216794189e-07
76.4 -1.628994240528949e-07
76.44 -1.6255871949169456e-07
76.48 -1.6221890519550963e-07
76.52 -1.6187997837427113e-07
76.56 -1.615419362481056e-07
76.60000000000001 -1.6120477604729337e-07
76.64 -1.6086849501222597e-07
76.68 -1.6053309039336338e-07
76.72 -1.6019855945119315e-07
76.76 -1.5986489945618742e-07
76.8 -1.5953210768876253e-07
76.84 -1.592001814392366e-07
76.88 -1.5886911800778926e-07
76.92 -1.585389147044197e-07
76.96000000000001 -1.582095688489068e-07
77.0 -1.578810777707681e-07
77.04 -1.5755343880921902e-07
77.08 -1.5722664931313348e-07
77.12 -1.569007066410028e-07
77.16 -1.565756081608971e-07
77.2 -1.5625135125042422e-07
77.24 -1.5592793329669162e-07
77.28 -1.5560535169626585e-07
77.32000000000001 -1.5528360385513439e-07
77.36 -1.5496268718866622e-07
77.4 -1.5464259912157296e-07
77.44 -1.5432333708787088e-07
77.48 -1.5400489853084157e-07
77.52 -1.5368728090299488e-07
77.56 -1.5337048166602974e-07
77.60000000000001 -1.5305449829079705e-07
77.64 -1.5273932825726199e-07
77.68 -1.5242496905446566e-07
77.72 -1.5211141818048905e-07
77.76 -1.5179867314241453e-07
77.8 -1.5148673145629002e-07
77.84 -1.511755906470912e-07
77.88 -1.5086524824868572e-07
77.92 -1.5055570180379577e-07
77.96000000000001 -1.502469488639627e-07
78.0 -1.4993898698951043e-07
78.04 -1.4963181374950905e-07
78.08 -1.4932542672173995e-07
78.12 -1.4901982349265918e-07
78.16 -1.487150016573628e-07
78.2 -1.484109588195509e-07
78.24 -1.4810769259149294e-07
78.28 -1.478052005939922e-07
78.32000000000001 -1.4750348045635161e-07
78.36 -1.4720252981633863e-07
78.4 -1.4690234632015046e-07
78.44 -1.4660292762238057e-07
78.48 -1.4630427138598348e-07
78.52 -1.460063752822415e-07
78.56 -1.4570923699073021e-07
78.60000000000001 -1.4541285419928534e-07
78.64 -1.451172246039688e-07
78.68 -1.4482234590903497e-07
78.72 -1.4452821582689833e-07
78.76 -1.442348320780992e-07
78.8 -1.439421923912719e-07
78.84 -1.4365029450311078e-07
78.88 -1.4335913615833867e-07
78.92 -1.4306871510967337e-07
78.96000000000001 -1.4277902911779593e-07
79.0 -1.424900759513183e-07
79.04 -1.422018533867508e-07
79.08 -1.41914359208471e-07
79.12 -1.416275912086909e-07
79.16 -1.4134154718742636e-07
79.2 -1.4105622495246463e-07
79.24 -1.4077162231933387e-07
79.28 -1.4048773711127104e-07
79.32000000000001 -1.4020456715919158e-07
79.36 -1.3992211030165816e-07
79.4 -1.396403643848496e-07
79.44 -1.3935932726253095e-07
79.48 -1.3907899679602204e-07
79.52 -1.38799370854168e-07
79.56 -1.3852044731330823e-07
79.60000000000001 -1.3824222405724693e-07
79.64 -1.3796469897722289e-07
79.68 -1.3768786997187934e-07
79.72 -1.3741173494723485e-07
79.76 -1.3713629181665317e-07
79.8 -1.368615385008144e-07
79.84 -1.365874729276849e-07
79.88 -1.363140930324892e-07
79.92 -1.360413967576797e-07
79.96000000000001 -1.357693820529089e-07
80.0 -1.3549804687499998e-07
80.04 -1.3522738918791818e-07
80.08 -1.3495740696274268e-07
80.12 -1.3468809817763756e-07
80.16 -1.3441946081782432e-07
80.2 -1.34151492875553e-07
80.24 -1.3388419235007484e-07
80.28 -1.3361755724761365e-07
80.32000000000001 -1.333515855813388e-07
80.36 -1.3308627537133726e-07
80.4 -1.328216246445857e-07
80.44 -1.32557631434924e-07
80.48 -1.3229429378302694e-07
80.52 -1.3203160973637806e-07
80.56 -1.3176957734924166e-07
80.60000000000001 -1.3150819468263677e-07
80.64 -1.3124745980430994e-07
80.68 -1.3098737078870835e-07
80.72 -1.307279257169539e-07
80.76 -1.3046912267681609e-07
80.8 -1.3021095976268632e-07
80.84 -1.299534350755511e-07
80.88 -1.2969654672296673e-07
80.92 -1.2944029281903242e-07
80.96000000000001 -1.2918467148436528e-07
81.0 -1.289296808460742e-07
81.04 -1.2867531903773402e-07
81.08 -1.2842158419936068e-07
81.12 -1.2816847447738503e-07
81.16 -1.279159880246283e-07
81.2 -1.276641230002763e-07
81.24 -1.2741287756985498e-07
81.28 -1.2716224990520483e-07
81.32000000000001 -1.2691223818445665e-07
81.36 -1.266628405920066e-07
81.4 -1.2641405531849121e-07
81.44 -1.261658805607637e-07
81.48 -1.2591831452186865e-07
81.52 -1.2567135541101859e-07
81.56 -1.25425001443569e-07
81.60000000000001 -1.2517925084099492e-07
81.64 -1.2493410183086674e-07
81.68 -1.2468955264682591e-07
81.72 -1.2444560152856215e-07
81.76 -1.242022467217886e-07
81.8 -1.2395948647821944e-07
81.84 -1.2371731905554542e-07
81.88 -1.234757427174114e-07
81.92 -1.2323475573339238e-07
81.96000000000001 -1.2299435637897084e-07
82.0 -1.2275454293551366e-07
82.04 -1.2251531369024874e-07
82.08 -1.222766669362429e-07
82.12 -1.2203860097237837e-07
82.16 -1.2180111410333086e-07
82.2 -1.2156420463954637e-07
82.24 -1.2132787089721938e-07
82.28 -1.2109211119826994e-07
82.32000000000001 -1.208569238703219e-07
82.36 -1.2062230724668054e-07
82.4 -1.2038825966631036e-07
82.44 -1.2015477947381355e-07
82.48 -1.1992186501940764e-07
82.52 -1.196895146589043e-07
82.56 -1.1945772675368703e-07
82.60000000000001 -1.1922649967069019e-07
82.64 -1.1899583178237727e-07
82.68 -1.1876572146671919e-07
82.72 -1.1853616710717368e-07
82.76 -1.1830716709266344e-07
82.8 -1.1807871981755557e-07
82.84 -1.1785082368163995e-07
82.88 -1.1762347709010906e-07
82.92 -1.1739667845353639e-07
82.96000000000001 -1.1717042618785627e-07
83.0 -1.1694471871434305e-07
83.04 -1.1671955445959022e-07
83.08 -1.1649493185549054e-07
83.12 -1.1627084933921497e-07
83.16 -1.1604730535319313e-07
83.2 -1.1582429834509222e-07
83.24 -1.1560182676779784e-07
83.28 -1.1537988907939306e-07
83.32000000000001 -1.1515848374313914e-07
83.36 -1.1493760922745543e-07
83.4 -1.1471726400589936e-07
83.44 -1.1449744655714722e-07
83.48 -1.1427815536497408e-07
83.52 -1.140593889182347e-07
83.56 -1.1384114571084363e-07
83.60000000000001 -1.136234242417563e-07
83.64 -1.1340622301494963e-07
83.68 -1.1318954053940245e-07
83.72 -1.1297337532907704e-07
83.76 -1.1275772590289946e-07
83.8 -1.125425907847413e-07
83.84 -1.1232796850340001e-07
83.88 -1.1211385759258096e-07
83.92 -1.1190025659087797e-07
83.96000000000001 -1.1168716404175533e-07
84.0 -1.1147457849352892e-07
84.04 -1.1126249849934764e-07
84.08 -1.1105092261717546e-07
84.12 -1.1083984940977258e-07
84.16 -1.1062927744467778e-07
84.2 -1.1041920529418968e-07
84.24 -1.1020963153534922e-07
84.28 -1.1000055474992119e-07
84.32000000000001 -1.097919735243767e-07
84.36 -1.095838864498752e-07
84.4 -1.093762921222465e-07
84.44 -1.0916918914197354e-07
84.48 -1.0896257611417424e-07
84.52 -1.087564516485845e-07
84.56 -1.0855081435954026e-07
84.60000000000001 -1.0834566286596046e-07
84.64 -1.0814099579132966e-07
84.68 -1.0793681176368048e-07
84.72 -1.07733109415577e-07
84.76 -1.0752988738409705e-07
84.8 -1.073271443108158e-07
84.84 -1.0712487884178815e-07
84.88 -1.0692308962753258e-07
84.92 -1.0672177532301362e-07
84.96000000000001 -1.0652093458762567e-07
85.0 -1.0632056608517618e-07
85.04 -1.0612066848386871e-07
85.08 -1.0592124045628708e-07
85.12 -1.0572228067937814e-07
85.16 -1.0552378783443613e-07
85.2 -1.0532576060708575e-07
85.24 -1.0512819768726637e-07
85.28 -1.0493109776921548e-07
85.32000000000001 -1.0473445955145293e-07
85.36 -1.0453828173676466e-07
85.4 -1.0434256303218667e-07
85.44 -1.0414730214898945e-07
85.48 -1.0395249780266162e-07
85.52 -1.0375814871289479e-07
85.56 -1.035642536035672e-07
85.60000000000001 -1.0337081120272858e-07
85.64 -1.0317782024258446e-07
85.68 -1.029852794594803e-07
85.72 -1.0279318759388666e-07
85.76 -1.0260154339038318e-07
85.8 -1.024103455976439e-07
85.84 -1.022195929684214e-07
85.88 -1.0202928425953213e-07
85.92 -1.0183941823184082e-07
85.96000000000001 -1.0164999365024586e-07
86.0 -1.0146100928366406e-07
86.04 -1.0127246390501562e-07
86.08 -1.0108435629120956e-07
86.12 -1.0089668522312854e-07
86.16 -1.0070944948561456e-07
86.2 -1.0052264786745376e-07
86.24 -1.003362791613623e-07
86.28 -1.0015034216397131e-07
86.32000000000001 -9.996483567581281e-08
86.36 -9.977975850130511e-08
86.4 -9.959510944873816e-08
86.44 -9.941088733025978e-08
86.48 -9.922709096186076e-08
86.52 -9.904371916336129e-08
86.56 -9.88607707583962e-08
86.60000000000001 -9.867824457440143e-08
86.64 -9.849613944259969e-08
86.68 -9.831445419798636e-08
86.72 -9.813318767931604e-08
86.76 -9.795233872908817e-08
86.8 -9.777190619353371e-08
86.84 -9.759188892260091e-08
86.88 -9.741228576994218e-08
86.92 -9.723309559289988e-08
86.96000000000001 -9.705431725249327e-08
87.0 -9.687594961340474e-08
87.04 -9.669799154396619e-08
87.08 -9.652044191614608e-08
87.12 -9.634329960553557e-08
87.16 -9.616656349133572e-08
87.2 -9.599023245634376e-08
87.24 -9.581430538694041e-08
87.28 -9.563878117307623e-08
87.32000000000001 -9.546365870825906e-08
87.36 -9.528893688954067e-08
87.4 -9.511461461750377e-08
87.44 -9.49406907962494e-08
87.48 -9.476716433338362e-08
87.52 -9.459403414000525e-08
87.56 -9.442129913069255e-08
87.60000000000001 -9.424895822349097e-08
87.64 -9.407701033990032e-08
87.68 -9.390545440486196e-08
87.72 -9.373428934674675e-08
87.76 -9.3563514097342e-08
87.8 -9.339312759183954e-08
87.84 -9.322312876882284e-08
87.88 -9.305351657025514e-08
87.92 -9.288428994146668e-08
87.96000000000001 -9.271544783114291e-08
88.0 -9.254698919131207e-08
88.04 -9.237891297733288e-08
88.08 -9.22112181478829e-08
88.12 -9.204390366494598e-08
88.16 -9.187696849380073e-08
88.2 -9.171041160300814e-08
88.24 -9.154423196440013e-08
88.28 -9.137842855306724e-08
88.32000000000001 -9.121300034734723e-08
88.36 -9.104794632881316e-08
88.4 -9.08832654822615e-08
88.44 -9.071895679570096e-08
88.48 -9.055501926034026e-08
88.52 -9.039145187057718e-08
88.56 -9.022825362398651e-08
88.60000000000001 -9.0065423521309e-08
88.64 -8.990296056643979e-08
88.68 -8.974086376641681e-08
88.72 -8.957913213140991e-08
88.76 -8.941776467470909e-08
88.8 -8.925676041271367e-08
88.84 -8.909611836492078e-08
88.88 -8.893583755391456e-08
88.92 -8.877591700535459e-08
88.96000000000001 -8.861635574796532e-08
89.0 -8.845715281352478e-08
89.04 -8.829830723685358e-08
89.08 -8.813981805580422e-08
89.12 -8.798168431124994e-08
89.16 -8.782390504707413e-08
89.2 -8.76664793101593e-08
89.24 -8.750940615037663e-08
89.28 -8.735268462057487e-08
89.32000000000001 -8.719631377657008e-08
89.36 -8.704029267713484e-08
89.4 -8.68846203839875e-08
89.44 -8.672929596178198e-08
89.48 -8.657431847809698e-08
89.52 -8.641968700342583e-08
89.56 -8.626540061116574e-08
89.60000000000001 -8.611145837760773e-08
89.64 -8.595785938192622e-08
89.68 -8.580460270616857e-08
89.72 -8.565168743524517e-08
89.76 -8.549911265691889e-08
89.8 -8.534687746179524e-08
89.84 -8.519498094331196e-08
89.88 -8.504342219772926e-08
89.92 -8.489220032411941e-08
89.96000000000001 -8.474131442435708e-08
90.0 -8.459076360310928e-08
90.04 -8.444054696782522e-08
90.08 -8.429066362872683e-08
90.12 -8.414111269879855e-08
90.16 -8.399189329377784e-08
90.2 -8.38430045321451e-08
90.24 -8.369444553511432e-08
90.28 -8.354621542662298e-08
90.32000000000001 -8.339831333332283e-08
90.36 -8.325073838457003e-08
90.4 -8.31034897124155e-08
90.44 -8.295656645159574e-08
90.48 -8.28099677395229e-08
90.52 -8.266369271627578e-08
90.56 -8.251774052458997e-08
90.60000000000001 -8.237211030984884e-08
90.64 -8.222680122007403e-08
90.68 -8.208181240591603e-08
90.72 -8.193714302064527e-08
90.76 -8.17927922201424e-08
90.8 -8.164875916288962e-08
90.84 -8.150504300996107e-08
90.88 -8.136164292501399e-08
90.92 -8.121855807427953e-08
90.96000000000001 -8.10757876265537e-08
91.0 -8.093333075318847e-08
91.04 -8.079118662808251e-08
91.08 -8.064935442767268e-08
91.12 -8.050783333092459e-08
91.16 -8.036662251932429e-08
91.2 -8.022572117686896e-08
91.24 -8.008512849005845e-08
91.28 -7.99448436478862e-08
91.32000000000001 -7.980486584183086e-08
91.36 -7.966519426584736e-08
91.4 -7.952582811635815e-08
91.44 -7.938676659224494e-08
91.48 -7.924800889483966e-08
91.52 -7.910955422791631e-08
91.56 -7.897140179768204e-08
91.60000000000001 -7.883355081276902e-08
91.64 -7.86960004842258e-08
91.68 -7.855875002550872e-08
91.72 -7.842179865247391e-08
91.76 -7.828514558336849e-08
91.8 -7.814879003882266e-08
91.84 -7.801273124184098e-08
91.88 -7.787696841779456e-08
91.92 -7.774150079441234e-08
91.96000000000001 -7.760632760177332e-08
92.0 -7.74714480722982e-08
92.04 -7.73368614407411e-08
92.08 -7.72025669441818e-08
92.12 -7.70685638220173e-08
92.16 -7.693485131595416e-08
92.2 -7.680142867000005e-08
92.24 -7.666829513045624e-08
92.28 -7.653544994590917e-08
92.32000000000001 -7.640289236722301e-08
92.36 -7.627062164753149e-08
92.4 -7.613863704222998e-08
92.44 -7.600693780896793e-08
92.48 -7.587552320764081e-08
92.52 -7.574439250038265e-08
92.56 -7.561354495155788e-08
92.60000000000001 -7.548297982775407e-08
92.64 -7.535269639777404e-08
92.68 -7.52226939326281e-08
92.72 -7.509297170552673e-08
92.76 -7.496352899187269e-08
92.8 -7.483436506925377e-08
92.84 -7.470547921743494e-08
92.88 -7.457687071835121e-08
92.92 -7.444853885609973e-08
92.96000000000001 -7.432048291693279e-08
93.0 -7.419270218925017e-08
93.04 -7.406519596359172e-08
93.08 -7.393796353263022e-08
93.12 -7.381100419116373e-08
93.16 -7.368431723610871e-08
93.2 -7.355790196649235e-08
93.24 -7.343175768344563e-08
93.28 -7.330588369019586e-08
93.32000000000001 -7.318027929205977e-08
93.36 -7.305494379643616e-08
93.4 -7.292987651279868e-08
93.44 -7.28050767526891e-08
93.48 -7.268054382970977e-08
93.52 -7.255627705951701e-08
93.56 -7.243227575981369e-08
93.60000000000001 -7.230853925034257e-08
93.64 -7.218506685287922e-08
93.68 -7.206185789122486e-08
93.72 -7.193891169119989e-08
93.76 -7.181622758063653e-08
93.8 -7.16938048893724e-08
93.84 -7.15716429492433e-08
93.88 -7.144974109407668e-08
93.92 -7.132809865968466e-08
93.96000000000001 -7.120671498385749e-08
94.0 -7.108558940635668e-08
94.04 -7.096472126890819e-08
94.08 -7.084410991519604e-08
94.12 -7.072375469085537e-08
94.16 -7.060365494346606e-08
94.2 -7.048381002254586e-08
94.24 -7.036421927954413e-08
94.28 -7.024488206783496e-08
94.32000000000001 -7.012579774271092e-08
94.36 -7.000696566137645e-08
94.4 -6.988838518294121e-08
94.44 -6.977005566841405e-08
94.48 -6.965197648069604e-08
94.52 -6.953414698457463e-08
94.56 -6.941656654671676e-08
94.60000000000001 -6.929923453566289e-08
94.64 -6.91821503218205e-08
94.68 -6.906531327745771e-08
94.72 -6.894872277669723e-08
94.76 -6.88323781955098e-08
94.8 -6.871627891170829e-08
94.84 -6.860042430494116e-08
94.88 -6.848481375668658e-08
94.92 -6.836944665024595e-08
94.96000000000001 -6.825432237073805e-08
95.0 -6.81394403050928e-08
95.04 -6.802479984204505e-08
95.08 -6.791040037212877e-08
95.12 -6.779624128767069e-08
95.16 -6.76823219827846e-08
95.2 -6.756864185336504e-08
95.24 -6.745520029708161e-08
95.28 -6.734199671337272e-08
95.32000000000001 -6.722903050343988e-08
95.36 -6.711630107024182e-08
95.4 -6.700380781848824e-08
95.44 -6.689155015463442e-08
95.48 -6.6779527486875e-08
95.52 -6.666773922513841e-08
95.56 -6.655618478108085e-08
95.60000000000001 -6.644486356808073e-08
95.64 -6.633377500123279e-08
95.68 -6.622291849734225e-08
95.72 -6.61122934749194e-08
95.76 -6.600189935417358e-08
95.8 -6.589173555700776e-08
95.84 -6.578180150701269e-08
95.88 -6.567209662946147e-08
95.92 -6.556262035130371e-08
95.96000000000001 -6.545337210116018e-08
96.0 -6.534435130931713e-08
96.04 -6.523555740772062e-08
96.08 -6.512698982997128e-08
96.12 -6.501864801131849e-08
96.16 -6.491053138865523e-08
96.2 -6.480263940051225e-08
96.24000000000001 -6.469497148705294e-08
96.28 -6.458752709006782e-08
96.32000000000001 -6.448030565296891e-08
96.36 -6.437330662078478e-08
96.4 -6.426652944015476e-08
96.44 -6.415997355932388e-08
96.48 -6.40536384281374e-08
96.52 -6.394752349803565e-08
96.56 -6.384162822204853e-08
96.60000000000001 -6.373595205479048e-08
96.64 -6.363049445245512e-08
96.68 -6.352525487280995e-08
96.72 -6.342023277519137e-08
96.76 -6.331542762049922e-08
96.8 -6.321083887119192e-08
96.84 -6.310646599128094e-08
96.88 -6.300230844632611e-08
96.92 -6.289836570343012e-08
96.96000000000001 -6.279463723123372e-08
97.0 -6.26911224999105e-08
97.04 -6.258782098116182e-08
97.08 -6.24847321482119e-08
97.12 -6.238185547580264e-08
97.16 -6.227919044018885e-08
97.2 -6.217673651913299e-08
97.24000000000001 -6.207449319190048e-08
97.28 -6.197245993925463e-08
97.32000000000001 -6.18706362434516e-08
97.36 -6.176902158823583e-08
97.4 -6.166761545883474e-08
97.44 -6.156641734195424e-08
97.48 -6.146542672577359e-08
97.52 -6.136464309994078e-08
97.56 -6.126406595556752e-08
97.60000000000001 -6.116369478522465e-08
97.64 -6.106352908293725e-08
97.68 -6.096356834417979e-08
97.72 -6.086381206587162e-08
97.76 -6.076425974637196e-08
97.8 -6.06649108854755e-08
97.84 -6.056576498440739e-08
97.88 -6.046682154581885e-08
97.92 -6.036808007378229e-08
97.96000000000001 -6.026954007378684e-08
98.0 -6.017120105273364e-08
98.04 -6.00730625189312e-08
98.08 -5.997512398209092e-08
98.12 -5.987738495332238e-08
98.16 -5.977984494512897e-08
98.2 -5.96825034714031e-08
98.24000000000001 -5.958536004742195e-08
98.28 -5.948841418984279e-08
98.32000000000001 -5.9391665416698476e-08
98.36 -5.9295113247393153e-08
98.4 -5.9198757202697543e-08
98.44 -5.910259680474478e-08
98.48 -5.900663157702571e-08
98.52 -5.891086104438479e-08
98.56 -5.8815284733015337e-08
98.60000000000001 -5.871990217045549e-08
98.64 -5.8624712885583704e-08
98.68 -5.852971640861428e-08
98.72 -5.8434912271093323e-08
98.76 -5.834030000589413e-08
98.8 -5.824587914721316e-08
98.84 -5.81516492305655e-08
98.88 -5.8057609792780865e-08
98.92 -5.796376037199908e-08
98.96000000000001 -5.787010050766606e-08
99.0 -5.7776629740529525e-08
99.04 -5.768334761263468e-08
99.08 -5.759025366732024e-08
99.12 -5.749734744921404e-08
99.16 -5.740462850422908e-08
99.2 -5.731209637955918e-08
99.24000000000001 -5.721975062367502e-08
99.28 -5.712759078631999e-08
99.32000000000001 -5.703561641850597e-08
99.36 -5.694382707250943e-08
99.4 -5.685222230186718e-08
99.44 -5.676080166137253e-08
99.48 -5.6669564707070994e-08
99.52 -5.657851099625653e-08
99.56 -5.6487640087467276e-08
99.60000000000001 -5.639695154048178e-08
99.64 -5.630644491631489e-08
99.68 -5.621611977721377e-08
99.72 -5.6125975686654086e-08
99.76 -5.6036012209335845e-08
99.8 -5.5946228911179755e-08
99.84 -5.585662535932302e-08
99.88 -5.576720112211572e-08
99.92 -5.567795576911666e-08
99.96000000000001 -5.558888887108974e-08
100.0 -5.55e-08
