2.0 -0.016253749579
2.2 -0.015633741564
2.4 -0.014249335146
2.6 -0.012585872314
2.8 -0.018462016392
3.0 -0.023015226545
3.2 -0.025018376414
3.4 -0.025875131784
3.6 -0.026268705622
3.8 -0.026500498929
4.0 -0.026702716293
4.2 -0.026924245907
4.4 -0.027167493876
4.6 -0.027408317348
4.8 -0.027610231312
5.0 -0.027735685367
5.2 -0.027754205645
5.4 -0.027646998868
5.6 -0.027408215246
5.8 -0.027043658654
6.0 -0.026567800608
6.2 -0.026000336880
6.4 -0.025362902853
6.6 -0.024676451619
6.8 -0.023959749474
7.0 -0.023228617102
7.2 -0.022495794255
7.4 -0.021771160606
7.6 -0.021062115847
7.8 -0.020373995911
8.0 -0.019710462946
8.2 -0.019073846915
8.4 -0.018465433858
8.6 -0.017885715866
8.8 -0.017334591544
9.0 -0.016811533547
9.2 -0.016315726056
9.4 -0.015846146760
9.6 -0.015401669896
9.8 -0.014981114649
10.0 -0.014583264451
10.2 -0.014206909144
10.4 -0.013850857423
10.6 -0.013513971724
10.8 -0.013195081600
11.0 -0.012893133432
11.2 -0.012607095942
11.4 -0.012335987960
11.6 -0.012078881160
11.8 -0.011834898943
12.0 -0.011603219652
12.2 -0.011383072523
12.4 -0.011173739165
12.6 -0.010974551690
12.8 -0.010784889305
13.0 -0.010604177043
13.2 -0.010431882049
13.4 -0.010267512674
13.6 -0.010110613453
13.8 -0.009960764074
14.0 -0.009817575583
14.2 -0.009680687459
14.4 -0.009549765957
14.6 -0.009424501051
14.8 -0.009304603972
15.0 -0.009189805277
15.2 -0.009079853627
15.4 -0.008974512845
15.6 -0.008873560844
15.8 -0.008776799447
16.0 -0.008683998806
16.2 -0.008595004081
16.4 -0.008509626962
16.6 -0.008427698479
16.8 -0.008349058146
17.0 -0.008273552968
17.2 -0.008201035778
17.4 -0.008131382569
17.6 -0.008064429547
17.8 -0.008000063847
18.0 -0.007938164279
18.2 -0.007878614192
18.4 -0.007821302266
18.6 -0.007766122387
18.8 -0.007712973303
19.0 -0.007661758290
19.2 -0.007612385650
19.4 -0.007564767464
19.6 -0.007518821042
19.8 -0.007474467352
20.0 -0.007431630889
20.2 -0.007390241637
20.4 -0.007350231606
20.6 -0.007311538261
20.8 -0.007274100591
21.0 -0.007237862425
21.2 -0.007202770677
21.4 -0.007168772811
21.6 -0.007135827950
21.8 -0.007103885379
22.0 -0.007072905076
22.2 -0.007042848123
22.4 -0.007013677700
22.6 -0.006985359195
22.8 -0.006957859935
23.0 -0.006931149903
23.2 -0.006905200441
23.4 -0.006879984941
23.6 -0.006855477971
23.8 -0.006831655869
24.0 -0.006808497022
24.2 -0.006785980667
24.4 -0.006764086660
24.6 -0.006742796691
24.8 -0.006722093675
25.0 -0.006701960812
25.2 -0.006682382510
25.4 -0.006663344618
25.6 -0.006644832420
25.8 -0.006626833212
26.0 -0.006609333696
26.2 -0.006592321810
26.4 -0.006575786074
26.6 -0.006559715401
26.8 -0.006544098640
29.8 -0.006357913896
30.0 -0.006348318234
30.2 -0.006339030235
30.4 -0.006330042104
30.6 -0.006321346532
30.8 -0.006312936221
31.0 -0.006304804173
31.2 -0.006296943117
31.4 -0.006289345448
31.6 -0.006282005064
31.8 -0.006274914527
32.0 -0.006268067494
32.2 -0.006261456792
32.4 -0.006255076172
32.6 -0.006248918709
32.8 -0.006242978079
33.0 -0.006237247962
33.2 -0.006231721966
33.4 -0.006226394284
33.6 -0.006221258253
33.8 -0.006216307987
34.0 -0.006211537942
34.2 -0.006206942024
34.4 -0.006202514710
34.6 -0.006198250111
34.8 -0.006194143103
35.0 -0.006190188205
35.2 -0.006186379797
35.4 -0.006182712825
35.6 -0.006179182418
35.8 -0.006175783257
36.0 -0.006172511351
36.2 -0.006169361211
36.4 -0.006166328866
36.6 -0.006163409037
36.8 -0.006160598071
37.0 -0.006157891426
37.2 -0.006155284977
37.4 -0.006152774536
37.6 -0.006150356458
37.8 -0.006148026898
38.0 -0.006145782035
38.2 -0.006143618547
38.4 -0.006141532602
38.6 -0.006139521109
38.8 -0.006137580972
39.0 -0.006135708724
39.2 -0.006133901358
39.4 -0.006132156218
39.6 -0.006130470436
39.8 -0.006128840992
40.0 -0.006127265584
40.2 -0.006125741296
40.4 -0.006124266088
40.6 -0.006122837505
40.8 -0.006121453347
41.0 -0.006120111761
41.2 -0.006118810408
41.4 -0.006117547192
41.6 -0.006116320026
41.8 -0.006115127240
42.0 -0.006113967515
42.2 -0.006112838631
42.4 -0.006111739473
42.6 -0.006110668248
42.8 -0.006109624167
43.0 -0.006108604545
43.2 -0.006107609051
43.4 -0.006106636225
43.6 -0.006105684800
43.8 -0.006104753301
44.0 -0.006103841617
44.2 -0.006102948357
44.4 -0.006102072507
44.6 -0.006101212584
44.8 -0.006100368766
45.0 -0.006099540029
45.2 -0.006098725108
45.4 -0.006097923875
45.6 -0.006097135203
45.8 -0.006096358584
46.0 -0.006095594130
46.2 -0.006094839908
46.4 -0.006094095969
46.6 -0.006093362266
46.8 -0.006092638039
47.0 -0.006091922609
47.2 -0.006091216293
47.4 -0.006090518668
47.6 -0.006089828815
47.8 -0.006089147003
48.0 -0.006088473150
48.2 -0.006087805677
48.4 -0.006087145312
48.6 -0.006086491986
48.8 -0.006085844777
49.0 -0.006085204236
49.2 -0.006084569371
49.4 -0.006083941250
49.6 -0.006083319010
49.8 -0.006082703254
50.0 -0.006082092428
50.2 -0.006081487340
50.4 -0.006080887675
50.6 -0.006080293633
50.8 -0.006079704608
51.0 -0.006079121560
51.2 -0.006078543790
51.4 -0.006077971367
51.6 -0.006077404429
51.8 -0.006076842042
52.0 -0.006076285303
52.2 -0.006075733559
52.4 -0.006075186816
52.6 -0.006074645429
52.8 -0.006074109106
53.0 -0.006073578195
53.2 -0.006073051946
53.4 -0.006072531066
53.6 -0.006072015341
53.8 -0.006071504976
54.0 -0.006070999721
54.2 -0.006070509952
54.4 -0.006070004765
54.6 -0.006069514939
54.8 -0.006069030440
55.0 -0.006068551226
55.2 -0.006068077142
55.4 -0.006067608362
55.6 -0.006067144639
55.8 -0.006066686442
56.0 -0.006066233160
56.2 -0.006065785230
56.4 -0.006065342660
56.6 -0.006064905496
56.8 -0.006064473706
57.0 -0.006064047044
57.2 -0.006063625619
57.4 -0.006063209534
57.6 -0.006062798463
57.8 -0.006062393266
58.0 -0.006061992976
58.2 -0.006061598290
58.4 -0.006061208630
58.6 -0.006060824234
58.8 -0.006060445324
59.0 -0.006060071290
59.2 -0.006059702766
59.4 -0.006059339356
59.6 -0.006058981833
59.8 -0.006058628718
60.0 -0.006058280644
