2.0 -0.016253749579
2.2 -0.015633741564
2.4 -0.014249335146
2.6 -0.012585872314
2.8 -0.018462016392
3.0 -0.023015226545
3.2 -0.025018376414
3.4 -0.025875131784
3.6 -0.026268705622
3.8 -0.026500498929
4.0 -0.026702716293
4.2 -0.026924245907
4.4 -0.027167493876
4.6 -0.027408317348
4.8 -0.027610231312
5.0 -0.027735685367
5.2 -0.027754205645
5.4 -0.027646998868
5.6 -0.027408215246
5.8 -0.027043658654
6.0 -0.026567800608
6.2 -0.026000336880
6.4 -0.025362902853
6.6 -0.024676451619
6.8 -0.023959749474
7.0 -0.023228617102
7.2 -0.022495794255
7.4 -0.021771160606
7.6 -0.021062115847
7.8 -0.020373995911
8.0 -0.019710462946
8.2 -0.019073846915
8.4 -0.018465433858
8.6 -0.017885715866
8.8 -0.017334591544
9.0 -0.016811533547
9.2 -0.016315726056
9.4 -0.015846146760
9.6 -0.015401669896
9.8 -0.014981114649
10.0 -0.014583264451
10.2 -0.014206909144
10.4 -0.013850857423
10.6 -0.013513971724
10.8 -0.013195081600
11.0 -0.012893133432
11.2 -0.012607095942
11.4 -0.012335987960
11.6 -0.012078881160
11.8 -0.011834898943
12.0 -0.011603219652
12.2 -0.011383072523
12.4 -0.011173739165
12.6 -0.010974551690
12.8 -0.010784889305
13.0 -0.010604177043
13.2 -0.010431882049
13.4 -0.010267512674
13.6 -0.010110613453
13.8 -0.009960764074
14.0 -0.009817575583
14.2 -0.009680687459
14.4 -0.009549765957
14.6 -0.009424501051
14.8 -0.009304603972
15.0 -0.009189805277
15.2 -0.009079853627
15.4 -0.008974512845
15.6 -0.008873560844
15.8 -0.008776799447
16.0 -0.008683998806
16.2 -0.008595004081
16.4 -0.008509626962
16.6 -0.008427698479
16.8 -0.008349058146
17.0 -0.008273552968
17.2 -0.008201035778
17.4 -0.008131382569
17.6 -0.008064429547
17.8 -0.008000063847
18.0 -0.007938164279
18.2 -0.007878614192
18.4 -0.007821302266
18.6 -0.007766122387
18.8 -0.007712973303
19.0 -0.007661758290
19.2 -0.007612385650
19.4 -0.007564767464
19.6 -0.007518821042
19.8 -0.007474467352
20.0 -0.007431630889
20.2 -0.007390241637
20.4 -0.007350231606
20.6 -0.007311538261
20.8 -0.007274100591
21.0 -0.007237862425
21.2 -0.007202770677
21.4 -0.007168772811
21.6 -0.007135827950
21.8 -0.007103885379
22.0 -0.007072905076
22.2 -0.007042848123
22.4 -0.007013677700
22.6 -0.006985359195
22.8 -0.006957859935
23.0 -0.006931149903
23.2 -0.006905200441
23.4 -0.006879984941
23.6 -0.006855477971
23.8 -0.006831655869
24.0 -0.006808497022
24.2 -0.006785980667
24.4 -0.006764086660
24.6 -0.006742796691
24.8 -0.006722093675
25.0 -0.006701960812
25.2 -0.006682382510
25.4 -0.006663344618
25.6 -0.006644832420
25.8 -0.006626833212
26.0 -0.006609333696
26.2 -0.006592321810
26.4 -0.006575786074
26.6 -0.006559715401
26.8 -0.006544098640
29.8 -0.006357913896
30.0 -0.006348318234
30.2 -0.006339030235
30.4 -0.006330042104
30.6 -0.006321346532
30.8 -0.006312936221
31.0 -0.006304804173
31.2 -0.006296943117
31.4 -0.006289345448
31.6 -0.006282005064
31.8 -0.006274914527
32.0 -0.006268067494
32.2 -0.006261456792
32.4 -0.006255076172
32.6 -0.006248918709
32.8 -0.006242978079
33.0 -0.006237247962
33.2 -0.006231721966
33.4 -0.006226394284
33.6 -0.006221258253
