2.0 0.000071834298
2.2 0.000071687536
2.4 0.000071728371
2.6 0.000071900723
2.8 0.000072164516
3.0 0.000069771483
3.2 0.000068867371
3.4 0.000068233466
3.6 0.000067762236
3.8 0.000067371635
4.0 0.000067017673
4.2 0.000066678368
4.4 0.000066344960
4.6 0.000066016654
4.8 0.000065698864
5.0 0.000065399725
5.2 0.000065129056
5.4 0.000064895080
5.6 0.000064703332
5.8 0.000064555965
6.0 0.000064451979
6.2 0.000064387832
6.4 0.000064358563
6.6 0.000064358813
6.8 0.000064383279
7.0 0.000064427177
7.2 0.000064486182
7.4 0.000064556638
7.6 0.000064635362
7.8 0.000064719634
8.0 0.000064807209
8.2 0.000064896295
8.4 0.000064985508
8.6 0.000065073831
8.8 0.000065160573
9.0 0.000065245277
9.2 0.000065327668
9.4 0.000065407594
9.6 0.000065484975
9.8 0.000065559774
10.0 0.000065631987
10.2 0.000065701618
10.4 0.000065768685
10.6 0.000065740281
10.8 0.000065802725
11.0 0.000065862716
11.2 0.000065920300
11.4 0.000065975553
11.6 0.000066028537
11.8 0.000066079338
12.0 0.000066128023
12.2 0.000066174691
12.4 0.000066219408
12.6 0.000066262268
12.8 0.000066303344
13.0 0.000066342712
13.2 0.000066380449
13.4 0.000066416627
13.6 0.000066451310
13.8 0.000066484559
14.0 0.000066516436
14.2 0.000066546997
14.4 0.000066576294
14.6 0.000066604379
14.8 0.000066631298
15.0 0.000066657098
15.2 0.000066681820
15.4 0.000066705507
15.6 0.000066728195
15.8 0.000066749923
16.0 0.000066770725
16.2 0.000066790635
16.4 0.000066809685
16.6 0.000066827904
16.8 0.000066845322
17.0 0.000066861966
17.2 0.000066877863
17.4 0.000066522330
17.6 0.000066536528
17.8 0.000066550039
18.0 0.000066562885
18.2 0.000066575085
18.4 0.000066586658
18.6 0.000066597622
18.8 0.000066607996
19.0 0.000066617797
19.2 0.000066627040
19.4 0.000066635741
19.6 0.000066643913
19.8 0.000066651572
20.0 0.000066658731
20.2 0.000066665403
20.4 0.000066671600
20.6 0.000066677335
20.8 0.000066682618
21.0 0.000066687445
21.2 0.000066691859
21.4 0.000066695853
21.6 0.000066699438
21.8 0.000066702622
22.0 0.000066705415
22.2 0.000066707826
22.4 0.000066709862
22.6 0.000066711533
22.8 0.000066712845
23.0 0.000066713807
23.2 0.000066714426
23.4 0.000066714709
23.6 0.000066714662
23.8 0.000066714293
24.0 0.000066713607
24.2 0.000066712610
24.4 0.000066711309
24.6 0.000066709710
24.8 0.000066707817
25.0 0.000066705636
25.2 0.000066703173
25.4 0.000066700433
25.6 0.000066697419
25.8 0.000066694138
26.0 0.000066690594
26.2 0.000066686791
26.4 0.000066682734
26.6 0.000066678427
26.8 0.000066673875
27.0 0.000066669081
27.2 0.000066664050
27.4 0.000066658786
27.6 0.000066653293
27.8 0.000066647574
28.0 0.000066641633
28.2 0.000066635476
28.4 0.000066629104
28.6 0.000066622522
28.8 0.000066615734
29.0 0.000066608743
29.2 0.000066601553
29.4 0.000066594171
29.6 0.000066586595
29.8 0.000066578830
30.0 0.000066570880
30.2 0.000066562749
30.4 0.000066554441
30.6 0.000066545959
30.8 0.000066537306
31.0 0.000066528487
31.2 0.000066519505
31.4 0.000066510363
31.6 0.000066501073
31.8 0.000066491622
32.0 0.000066482021
32.2 0.000066472276
32.4 0.000066462388
32.6 0.000066452361
32.8 0.000066442199
33.0 0.000066431905
33.2 0.000066421483
33.4 0.000066410936
33.6 0.000066400268
33.8 0.000066389481
34.0 0.000066378580
34.2 0.000066367568
34.4 0.000066356447
34.6 0.000066345222
34.8 0.000066333915
35.0 0.000066322490
35.2 0.000066310971
35.4 0.000066299359
35.6 0.000066287660
35.8 0.000066275875
36.0 0.000066264007
36.2 0.000066252060
36.4 0.000066240037
36.6 0.000066227940
