2.0 -3.450333151666
2.2 -3.422373565692
2.4 -3.398944222154
2.6 -3.382251625224
2.8 -3.370343131994
3.0 -3.358661858036
3.2 -3.345166826836
3.4 -3.330377187912
3.6 -3.314702571047
3.8 -3.297796758843
4.0 -3.279183791842
4.2 -3.258883454482
4.4 -3.237339289570
4.6 -3.214973731246
4.8 -3.192023250067
5.0 -3.168611890302
5.2 -3.144801843012
5.4 -3.120573447015
5.6 -3.095914268028
5.8 -3.070966992354
6.0 -3.046025102203
6.2 -3.021373287573
6.4 -2.997144318518
6.6 -2.973325938518
6.8 -2.949901904983
7.0 -2.926979946951
7.2 -2.904796212447
7.4 -2.883626927794
7.6 -2.863693154470
7.8 -2.845108750626
8.0 -2.827872596335
8.2 -2.811906777820
8.4 -2.797017011611
8.6 -2.783031444845
8.8 -2.769760520983
9.0 -2.757037038931
9.2 -2.744730437633
9.4 -2.732752968185
9.6 -2.721055330752
9.8 -2.709619335629
10.0 -2.698446410925
10.2 -2.687547838822
10.4 -2.676937005694
10.6 -2.666625763976
10.8 -2.656619514834
11.0 -2.646920628805
11.2 -2.637526522073
11.4 -2.628431288135
11.6 -2.619626565394
11.8 -2.611102586701
12.0 -2.602848468061
12.2 -2.594853438178
12.4 -2.587106479865
12.6 -2.579596897728
12.8 -2.572314384234
13.0 -2.565249084358
13.2 -2.558391619655
13.4 -2.551733098287
13.6 -2.545265101589
13.8 -2.538979656031
14.0 -2.532869237425
14.2 -2.526926693301
14.4 -2.521145076161
14.6 -2.515521584850
14.8 -2.510049257776
15.0 -2.504694296806
15.2 -2.396922888363
15.4 -2.739940764378
15.6 -2.687414344861
15.8 -9.938132080016
16.0 -8.107717379347
16.2 -3.597230807203
16.4 -2.994713963977
16.6 -11.098718966658
16.8 -3.096818429575
17.0 -8.217595056313
17.2 -8.010395983172
17.4 -7.985485192325
17.6 -7.955643379610
17.8 -8.983604281881
18.0 -7.733058780809
18.2 -9.156647158135
18.4 -8.155055889493
18.6 -7.545181745517
18.8 -7.307903858495
19.0 -7.308429421653
19.2 -9.251548586549
19.4 -9.254172172250
19.6 -8.165888515054
19.8 -7.299361557752
20.0 -8.166215974811
20.2 -9.266988581335
20.4 -9.269912768717
20.6 -6.969501274163
20.8 -7.757828259959
21.0 -9.277847316717
21.2 -9.281110396091
21.4 -9.283714046566
21.6 -7.767922024636
21.8 -7.321837653925
22.0 -7.773735372006
22.2 -8.182219581254
22.4 -7.441986705907
22.6 -7.551578564111
22.8 -7.443315719505
23.0 -7.395616384028
23.2 -7.437394395043
23.4 -7.433646000275
23.6 -7.416884239736
23.8 -7.403298796088
24.0 -7.389969229806
24.2 -7.376839456217
24.4 -7.363876072445
24.6 -7.351124438997
24.8 -7.333117234001
25.0 -7.333766054468
25.2 -7.334404544340
25.4 -7.335032946644
25.6 -7.335651496505
25.8 -7.336260418369
26.0 -7.336859936025
26.2 -7.337450262821
26.4 -7.338031603243
26.6 -7.338604161549
26.8 -7.339168132369
27.0 -7.339723703992
27.2 -7.340271063902
27.4 -7.340810389328
27.6 -7.341341854387
27.8 -7.341865628123
28.0 -7.342381876228
28.2 -7.342890755650
28.4 -7.343392421611
28.6 -7.343887028299
28.8 -7.344374721121
29.0 -7.344855642942
29.2 -7.345329933418
29.4 -7.345797727359
29.6 -7.346259157159
29.8 -7.346714350951
30.0 -7.347163433882
30.2 -7.347606527768
30.4 -7.348043751273
30.6 -7.348475220095
30.8 -7.348901048421
31.0 -7.349328535948
31.2 -7.349736211932
31.4 -7.350145759882
31.6 -7.350550090075
31.8 -7.350949299583
32.0 -7.351343486805
32.2 -7.351732746400
32.4 -7.352117168909
32.6 -7.352496844050
32.8 -7.352871862500
33.0 -7.353242306928
33.2 -7.353608261877
33.4 -7.353969808962
33.6 -7.354327027614
33.8 -7.354679995753
34.0 -7.355028788525
34.2 -7.355373481562
34.4 -7.355714146591
34.6 -7.356050854335
34.8 -7.356383673852
35.0 -6.347053966185
35.2 -7.357037917279
35.4 -7.357359470943
35.6 -7.357677396743
35.8 -7.357991757824
36.0 -7.358302612829
36.2 -7.358610020627
36.4 -7.358914039644
36.6 -7.359214821051
36.8 -9.388296145064
37.0 -7.639070203538
37.2 -6.347035022950
37.4 -7.639811952478
37.6 -9.404823559232
37.8 -9.405668081227
38.0 -6.347034466757
38.2 -9.407330574921
38.4 -6.900887510244
38.6 -9.408958589221
38.8 -6.347031190694
39.0 -6.901324009430
39.2 -6.347031527726
39.4 -7.643267014815
39.6 -9.412884658904
39.8 -6.347029030214
40.0 -6.347040901702
40.2 -6.347027041961
40.4 -7.644869022017
40.6 -6.902427021380
40.8 -6.587454788251
41.0 -6.347028565970
41.2 -6.902818143716
41.4 -6.902946021460
41.6 -6.347029067061
41.8 -6.392773571034
42.0 -9.421544376915
42.2 -6.451865217836
42.4 -9.422892324433
42.6 -6.347024215390
42.8 -6.347028925885
43.0 -6.903926606715
43.2 -7.648954922421
43.4 -6.451999333384
43.6 -6.588197159249
43.8 -6.904390278843
44.0 -6.452063768850
44.2 -9.428656220330
44.4 -9.429267811533
44.6 -6.347027016133
44.8 -7.651061270284
45.0 -6.588534371650
45.2 -6.905162563704
45.4 -6.905269035975
45.6 -7.652059228296
45.8 -6.905479214281
46.0 -6.588762901360
46.2 -6.905685782703
46.4 -6.905787741830
46.6 -6.347026432666
46.8 -9.436199298932
