O-E+
#
33
1 0
0.00100000 -4.85264025e-04
0 0 0
2 0
0.00200000 2.44419022e-03
0 0 0
3 0
0.00400000 -7.54491296e-03
0 0 0
4 0
0.00800000 1.57738825e-02
0 0 0
5 0
0.01600000 -3.71036702e-02
0 0 0
6 0
0.03200000 5.38567726e-02
0 0 0
7 0
0.06400000 -1.97756317e-01
0 0 0
8 0
0.12800000 1.52115157e-01
0 0 0
9 0
0.25600000 -2.23099319e+00
0 0 0
10 0
0.51200000 7.15444074e+00
0 0 0
11 0
1.00000000 -1.64610765e+01
0 0 0
12 0
2.00000000 1.20067454e+02
0 0 0
13 0
3.00000000 -1.01044418e+03
0 0 0
14 0
4.00000000 5.91251784e+03
0 0 0
15 0
5.00000000 -2.28836483e+04
0 0 0
16 0
6.00000000 5.83202512e+04
0 0 0
17 0
7.00000000 -9.67337455e+04
0 0 0
18 0
8.00000000 1.00515599e+05
0 0 0
19 0
9.00000000 -5.94929309e+04
0 0 0
20 0
10.00000000 1.53375190e+04
0 0 0
21 0
20.00000000 -1.08319460e+02
0 0 0
22 0
30.00000000 5.87242256e+01
0 0 0
23 0
40.00000000 -3.39818645e+01
0 0 0
24 0
50.00000000 1.01503525e+01
0 0 0
25 0
100.00000000 -2.03970195e-01
0 0 0
26 0
0.08850994 -1.13943251e+00
0 0 0
27 0
2.23095324 -3.82897989e+00
0 0 0
28 0
0.44912992 -2.26430870e+00
0 0 0
29 0
0.01471729 -5.32104251e-01
0 0 0
30 0
0.00109953 -1.56568904e-01
0 0 0
31 0
235.13217727 -3.26133931e+01
0 0 0
32 0
10.21917614 -7.58771051e+00
0 0 0
33 0
44.54335485 -1.26696334e+01
0 0 0
