O-E+
#
41
1 0
0.00100000 -4.85261216e-04
0 0 0
2 0
0.00200000 2.44417831e-03
0 0 0
3 0
0.00400000 -7.54488737e-03
0 0 0
4 0
0.00800000 1.57738437e-02
0 0 0
5 0
0.01600000 -3.71036225e-02
0 0 0
6 0
0.03200000 5.38567205e-02
0 0 0
7 0
0.06400000 -1.97756262e-01
0 0 0
8 0
0.12800000 1.52115096e-01
0 0 0
9 0
0.25600000 -2.23099311e+00
0 0 0
10 0
0.51200000 7.15444061e+00
0 0 0
11 0
1.00000000 -1.64610761e+01
0 0 0
12 0
2.00000000 1.20067450e+02
0 0 0
13 0
3.00000000 -1.01044414e+03
0 0 0
14 0
4.00000000 5.91251755e+03
0 0 0
15 0
5.00000000 -2.28836471e+04
0 0 0
16 0
6.00000000 5.83202479e+04
0 0 0
17 0
7.00000000 -9.67337399e+04
0 0 0
18 0
8.00000000 1.00515593e+05
0 0 0
19 0
9.00000000 -5.94929273e+04
0 0 0
20 0
10.00000000 1.53375181e+04
0 0 0
21 0
20.00000000 -1.08319453e+02
0 0 0
22 0
30.00000000 5.87242217e+01
0 0 0
23 0
40.00000000 -3.39818623e+01
0 0 0
24 0
50.00000000 1.01503518e+01
0 0 0
25 0
100.00000000 -2.03970181e-01
0 0 0
26 0
0.08850978 -1.13943121e+00
0 0 0
27 0
0.44912904 -2.26430702e+00
0 0 0
28 0
2.23094881 -3.82897737e+00
0 0 0
29 0
0.01471727 -5.32103728e-01
0 0 0
30 0
0.00109953 -1.56568835e-01
0 0 0
31 0
235.13210788 -3.26133962e+01
0 0 0
32 0
10.21916161 -7.58770868e+00
0 0 0
33 0
44.54331556 -1.26696350e+01
0 0 0
34 0
11.98591973 1.13991608e+01
0 0 0
35 0
50.60109608 2.31462395e+01
0 0 0
36 0
0.10211922 1.26357146e+00
0 0 0
37 0
2.68755848 5.67979819e+00
0 0 0
38 0
0.00115496 1.61217744e-01
0 0 0
39 0
245.70531536 6.75573980e+01
0 0 0
40 0
0.01606612 5.71040121e-01
0 0 0
41 0
0.55267180 2.73661689e+00
0 0 0
