    0.000000    0.000000    0.000000    0.026459   9.9861918770E+002
    0.026459    0.000000    0.000000    0.052918   1.8620604581E+001
    0.052918    0.000000    0.000000    0.079377   8.6247380806E+000
    0.079377    0.000000    0.000000    0.105835   5.2979573623E+000
    0.105835    0.000000    0.000000    0.132294   3.6399003300E+000
    0.132294    0.000000    0.000000    0.158753   2.6502348443E+000
    0.158753    0.000000    0.000000    0.185212   1.9953586300E+000
    0.185212    0.000000    0.000000    0.211671   1.5321974865E+000
    0.211671    0.000000    0.000000    0.238130   1.1891353883E+000
    0.238130    0.000000    0.000000    0.264589   9.2631782706E-001
    0.264589    0.000000    0.000000    0.291047   7.1977579850E-001
    0.291047    0.000000    0.000000    0.317506   5.5421230485E-001
    0.317506    0.000000    0.000000    0.343965   4.1939720665E-001
    0.343965    0.000000    0.000000    0.370424   3.0822548902E-001
    0.370424    0.000000    0.000000    0.396883   2.1560625839E-001
    0.396883    0.000000    0.000000    0.423342   1.3779501701E-001
    0.423342    0.000000    0.000000    0.449801   7.1975268185E-002
    0.449801    0.000000    0.000000    0.476259   1.5986981630E-002
    0.476259    0.000000    0.000000    0.502718  -3.1854671075E-002
    0.502718    0.000000    0.000000    0.529177  -7.2883752307E-002
    0.529177    0.000000    0.000000    0.555636  -1.0817058656E-001
    0.555636    0.000000    0.000000    0.582095  -1.3858388162E-001
    0.582095    0.000000    0.000000    0.608554  -1.6483613808E-001
    0.608554    0.000000    0.000000    0.635013  -1.8751694355E-001
    0.635013    0.000000    0.000000    0.661472  -2.0711811244E-001
    0.661472    0.000000    0.000000    0.687930  -2.2405280377E-001
    0.687930    0.000000    0.000000    0.714389  -2.3867019506E-001
    0.714389    0.000000    0.000000    0.740848  -2.5126711425E-001
    0.740848    0.000000    0.000000    0.767307  -2.6209700652E-001
    0.767307    0.000000    0.000000    0.793766  -2.7137741369E-001
    0.793766    0.000000    0.000000    0.820225  -2.7929566369E-001
    0.820225    0.000000    0.000000    0.846684  -2.8601381881E-001
    0.846684    0.000000    0.000000    0.873142  -2.9167252610E-001
    0.873142    0.000000    0.000000    0.899601  -2.9639423088E-001
    0.899601    0.000000    0.000000    0.926060  -3.0028597515E-001
    0.926060    0.000000    0.000000    0.952519  -3.0344148683E-001
    0.952519    0.000000    0.000000    0.978978  -3.0594318010E-001
    0.978978    0.000000    0.000000    1.005437  -3.0786372924E-001
    1.005437    0.000000    0.000000    1.031896  -3.0926726807E-001
    1.031896    0.000000    0.000000    1.058354  -3.1021067119E-001
    1.058354    0.000000    0.000000    1.084813  -3.1074442693E-001
    1.084813    0.000000    0.000000    1.111272  -3.1091343944E-001
    1.111272    0.000000    0.000000    1.137731  -3.1075774845E-001
    1.137731    0.000000    0.000000    1.164190  -3.1031315533E-001
    1.164190    0.000000    0.000000    1.190649  -3.0961163600E-001
    1.190649    0.000000    0.000000    1.217108  -3.0868186873E-001
    1.217108    0.000000    0.000000    1.243566  -3.0754959129E-001
    1.243566    0.000000    0.000000    1.270025  -3.0623787638E-001
    1.270025    0.000000    0.000000    1.296484  -3.0476751796E-001
    1.296484    0.000000    0.000000    1.322943  -3.0315717874E-001
    1.322943    0.000000    0.000000    1.349402  -3.0142367492E-001
    1.349402    0.000000    0.000000    1.375861  -2.9958214350E-001
    1.375861    0.000000    0.000000    1.402320  -2.9764624884E-001
    1.402320    0.000000    0.000000    1.428778  -2.9562828770E-001
    1.428778    0.000000    0.000000    1.455237  -2.9353933207E-001
    1.455237    0.000000    0.000000    1.481696  -2.9138937957E-001
    1.481696    0.000000    0.000000    1.508155  -2.8918743528E-001
    1.508155    0.000000    0.000000    1.534614  -2.8694162053E-001
    1.534614    0.000000    0.000000    1.561073  -2.8465925017E-001
    1.561073    0.000000    0.000000    1.587532  -2.8234691883E-001
    1.587532    0.000000    0.000000    1.613990  -2.8001055365E-001
    1.613990    0.000000    0.000000    1.640449  -2.7765549716E-001
    1.640449    0.000000    0.000000    1.666908  -2.7528656347E-001
    1.666908    0.000000    0.000000    1.693367  -2.7290807374E-001
    1.693367    0.000000    0.000000    1.719826  -2.7052391334E-001
    1.719826    0.000000    0.000000    1.746285  -2.6813758305E-001
    1.746285    0.000000    0.000000    1.772744  -2.6575220464E-001
    1.772744    0.000000    0.000000    1.799203  -2.6337060128E-001
    1.799203    0.000000    0.000000    1.825661  -2.6099527614E-001
    1.825661    0.000000    0.000000    1.852120  -2.5862851512E-001
    1.852120    0.000000    0.000000    1.878579  -2.5627229962E-001
    1.878579    0.000000    0.000000    1.905038  -2.5392842921E-001
    1.905038    0.000000    0.000000    1.931497  -2.5159852041E-001
    1.931497    0.000000    0.000000    1.957956  -2.4928400468E-001
    1.957956    0.000000    0.000000    1.984415  -2.4698612447E-001
    1.984415    0.000000    0.000000    2.010873  -2.4470601285E-001
    2.010873    0.000000    0.000000    2.037332  -2.4244464780E-001
    2.037332    0.000000    0.000000    2.063791  -2.4020290118E-001
    2.063791    0.000000    0.000000    2.090250  -2.3798152764E-001
    2.090250    0.000000    0.000000    2.116709  -2.3578119829E-001
    2.116709    0.000000    0.000000    2.143168  -2.3360247504E-001
    2.143168    0.000000    0.000000    2.169627  -2.3144582972E-001
    2.169627    0.000000    0.000000    2.196085  -2.2931172711E-001
    2.196085    0.000000    0.000000    2.222544  -2.2720047958E-001
    2.222544    0.000000    0.000000    2.249003  -2.2511237391E-001
    2.249003    0.000000    0.000000    2.275462  -2.2304768559E-001
    2.275462    0.000000    0.000000    2.301921  -2.2100655235E-001
    2.301921    0.000000    0.000000    2.328380  -2.1898914020E-001
    2.328380    0.000000    0.000000    2.354839  -2.1699553199E-001
    2.354839    0.000000    0.000000    2.381297  -2.1502580041E-001
    2.381297    0.000000    0.000000    2.407756  -2.1307996575E-001
    2.407756    0.000000    0.000000    2.434215  -2.1115802062E-001
    2.434215    0.000000    0.000000    2.460674  -2.0925993117E-001
    2.460674    0.000000    0.000000    2.487133  -2.0738564444E-001
    2.487133    0.000000    0.000000    2.513592  -2.0553506562E-001
    2.513592    0.000000    0.000000    2.540051  -2.0370809604E-001
    2.540051    0.000000    0.000000    2.566509  -2.0190461115E-001
    2.566509    0.000000    0.000000    2.592968  -2.0012447171E-001
    2.592968    0.000000    0.000000    2.619427  -1.9836752093E-001
    2.619427    0.000000    0.000000    2.645886  -1.9663357214E-001
    2.645886    0.000000    0.000000    2.672345  -1.9492246868E-001
    2.672345    0.000000    0.000000    2.698804  -1.9323400162E-001
    2.698804    0.000000    0.000000    2.725263  -1.9156795900E-001
    2.725263    0.000000    0.000000    2.751721  -1.8992412331E-001
    2.751721    0.000000    0.000000    2.778180  -1.8830229085E-001
    2.778180    0.000000    0.000000    2.804639  -1.8670220047E-001
    2.804639    0.000000    0.000000    2.831098  -1.8512364989E-001
    2.831098    0.000000    0.000000    2.857557  -1.8356637067E-001
    2.857557    0.000000    0.000000    2.884016  -1.8203011766E-001
    2.884016    0.000000    0.000000    2.910475  -1.8051465466E-001
    2.910475    0.000000    0.000000    2.936934  -1.7901971599E-001
    2.936934    0.000000    0.000000    2.963392  -1.7754504477E-001
    2.963392    0.000000    0.000000    2.989851  -1.7609037167E-001
    2.989851    0.000000    0.000000    3.016310  -1.7465544669E-001
    3.016310    0.000000    0.000000    3.042769  -1.7323999527E-001
    3.042769    0.000000    0.000000    3.069228  -1.7184376533E-001
    3.069228    0.000000    0.000000    3.095687  -1.7046648553E-001
    3.095687    0.000000    0.000000    3.122146  -1.6910787963E-001
    3.122146    0.000000    0.000000    3.148604  -1.6776771179E-001
    3.148604    0.000000    0.000000    3.175063  -1.6644568206E-001
    3.175063    0.000000    0.000000    3.201522  -1.6514155108E-001
    3.201522    0.000000    0.000000    3.227981  -1.6385505545E-001
    3.227981    0.000000    0.000000    3.254440  -1.6258591464E-001
    3.254440    0.000000    0.000000    3.280899  -1.6133387510E-001
    3.280899    0.000000    0.000000    3.307358  -1.6009869724E-001
    3.307358    0.000000    0.000000    3.333816  -1.5888011001E-001
    3.333816    0.000000    0.000000    3.360275  -1.5767786523E-001
    3.360275    0.000000    0.000000    3.386734  -1.5649169543E-001
    3.386734    0.000000    0.000000    3.413193  -1.5532136231E-001
    3.413193    0.000000    0.000000    3.439652  -1.5416662037E-001
    3.439652    0.000000    0.000000    3.466111  -1.5302722615E-001
    3.466111    0.000000    0.000000    3.492570  -1.5190292549E-001
    3.492570    0.000000    0.000000    3.519028  -1.5079349421E-001
    3.519028    0.000000    0.000000    3.545487  -1.4969869049E-001
    3.545487    0.000000    0.000000    3.571946  -1.4861827799E-001
    3.571946    0.000000    0.000000    3.598405  -1.4755202885E-001
    3.598405    0.000000    0.000000    3.624864  -1.4649971348E-001
    3.624864    0.000000    0.000000    3.651323  -1.4546111290E-001
    3.651323    0.000000    0.000000    3.677782  -1.4443599305E-001
    3.677782    0.000000    0.000000    3.704240  -1.4342415373E-001
    3.704240    0.000000    0.000000    3.730699  -1.4242537048E-001
    3.730699    0.000000    0.000000    3.757158  -1.4143942103E-001
    3.757158    0.000000    0.000000    3.783617  -1.4046612398E-001
    3.783617    0.000000    0.000000    3.810076  -1.3950524361E-001
    3.810076    0.000000    0.000000    3.836535  -1.3855658855E-001
    3.836535    0.000000    0.000000    3.862994  -1.3761996796E-001
    3.862994    0.000000    0.000000    3.889453  -1.3669517790E-001
    3.889453    0.000000    0.000000    3.915911  -1.3578202883E-001
    3.915911    0.000000    0.000000    3.942370  -1.3488031877E-001
    3.942370    0.000000    0.000000    3.968829  -1.3398987249E-001
    3.968829    0.000000    0.000000    3.995288  -1.3311050767E-001
    3.995288    0.000000    0.000000    4.021747  -1.3224204047E-001
    4.021747    0.000000    0.000000    4.048206  -1.3138429111E-001
    4.048206    0.000000    0.000000    4.074665  -1.3053707726E-001
    4.074665    0.000000    0.000000    4.101123  -1.2970024092E-001
    4.101123    0.000000    0.000000    4.127582  -1.2887360620E-001
    4.127582    0.000000    0.000000    4.154041  -1.2805700486E-001
    4.154041    0.000000    0.000000    4.180500  -1.2725027760E-001
    4.180500    0.000000    0.000000    4.206959  -1.2645326512E-001
    4.206959    0.000000    0.000000    4.233418  -1.2566581130E-001
    4.233418    0.000000    0.000000    4.259877  -1.2488774674E-001
    4.259877    0.000000    0.000000    4.286335  -1.2411893885E-001
    4.286335    0.000000    0.000000    4.312794  -1.2335923114E-001
    4.312794    0.000000    0.000000    4.339253  -1.2260847048E-001
    4.339253    0.000000    0.000000    4.365712  -1.2186651812E-001
    4.365712    0.000000    0.000000    4.392171  -1.2113322960E-001
    4.392171    0.000000    0.000000    4.418630  -1.2040846731E-001
    4.418630    0.000000    0.000000    4.445089  -1.1969209346E-001
    4.445089    0.000000    0.000000    4.471547  -1.1898397604E-001
    4.471547    0.000000    0.000000    4.498006  -1.1828398545E-001
    4.498006    0.000000    0.000000    4.524465  -1.1759198729E-001
    4.524465    0.000000    0.000000    4.550924  -1.1690785765E-001
    4.550924    0.000000    0.000000    4.577383  -1.1623146311E-001
    4.577383    0.000000    0.000000    4.603842  -1.1556269738E-001
    4.603842    0.000000    0.000000    4.630301  -1.1490142786E-001
    4.630301    0.000000    0.000000    4.656759  -1.1424754138E-001
    4.656759    0.000000    0.000000    4.683218  -1.1360091505E-001
    4.683218    0.000000    0.000000    4.709677  -1.1296144867E-001
    4.709677    0.000000    0.000000    4.736136  -1.1232901350E-001
    4.736136    0.000000    0.000000    4.762595  -1.1170352373E-001
    4.762595    0.000000    0.000000    4.789054  -1.1108484081E-001
    4.789054    0.000000    0.000000    4.815513  -1.1047287601E-001
    4.815513    0.000000    0.000000    4.841971  -1.0986753321E-001
    4.841971    0.000000    0.000000    4.868430  -1.0926869695E-001
    4.868430    0.000000    0.000000    4.894889  -1.0867627258E-001
    4.894889    0.000000    0.000000    4.921348  -1.0809016374E-001
    4.921348    0.000000    0.000000    4.947807  -1.0751026804E-001
    4.947807    0.000000    0.000000    4.974266  -1.0693649761E-001
    4.974266    0.000000    0.000000    5.000725  -1.0636875115E-001
    5.000725    0.000000    0.000000    5.027184  -1.0580694820E-001
    5.027184    0.000000    0.000000    5.053642  -1.0525099094E-001
    5.053642    0.000000    0.000000    5.080101  -1.0470079490E-001
    5.080101    0.000000    0.000000    5.106560  -1.0415627518E-001
    5.106560    0.000000    0.000000    5.133019  -1.0361733937E-001
    5.133019    0.000000    0.000000    5.159478  -1.0308391762E-001
    5.159478    0.000000    0.000000    5.185937  -1.0255591847E-001
    5.185937    0.000000    0.000000    5.212396  -1.0203326320E-001
    5.212396    0.000000    0.000000    5.238854  -1.0151587182E-001
    5.238854    0.000000    0.000000    5.265313  -1.0100367042E-001
    5.265313    0.000000    0.000000    5.291772  -1.0049658147E-001
    5.291772    0.000000    0.000000    5.318231  -9.9994536604E-002
    5.318231    0.000000    0.000000    5.344690  -9.9497455984E-002
    5.344690    0.000000    0.000000    5.371149  -9.9005264661E-002
    5.371149    0.000000    0.000000    5.397608  -9.8517893898E-002
    5.397608    0.000000    0.000000    5.424066  -9.8035286234E-002
    5.424066    0.000000    0.000000    5.450525  -9.7557358031E-002
    5.450525    0.000000    0.000000    5.476984  -9.7084048610E-002
    5.476984    0.000000    0.000000    5.503443  -9.6615296317E-002
    5.503443    0.000000    0.000000    5.529902  -9.6151029913E-002
    5.529902    0.000000    0.000000    5.556361  -9.5691194686E-002
    5.556361    0.000000    0.000000    5.582820  -9.5235720706E-002
    5.582820    0.000000    0.000000    5.609278  -9.4784545896E-002
    5.609278    0.000000    0.000000    5.635737  -9.4337617126E-002
    5.635737    0.000000    0.000000    5.662196  -9.3894874750E-002
    5.662196    0.000000    0.000000    5.688655  -9.3456257706E-002
    5.688655    0.000000    0.000000    5.715114  -9.3021708822E-002
    5.715114    0.000000    0.000000    5.741573  -9.2591175070E-002
    5.741573    0.000000    0.000000    5.768032  -9.2164596675E-002
    5.768032    0.000000    0.000000    5.794490  -9.1741925720E-002
    5.794490    0.000000    0.000000    5.820949  -9.1323106664E-002
    5.820949    0.000000    0.000000    5.847408  -9.0908090017E-002
    5.847408    0.000000    0.000000    5.873867  -9.0496822918E-002
    5.873867    0.000000    0.000000    5.900326  -9.0089252289E-002
    5.900326    0.000000    0.000000    5.926785  -8.9685330759E-002
    5.926785    0.000000    0.000000    5.953244  -8.9285014985E-002
    5.953244    0.000000    0.000000    5.979702  -8.8888247119E-002
    5.979702    0.000000    0.000000    6.006161  -8.8494990077E-002
    6.006161    0.000000    0.000000    6.032620  -8.8105194930E-002
    6.032620    0.000000    0.000000    6.059079  -8.7718811793E-002
    6.059079    0.000000    0.000000    6.085538  -8.7335802973E-002
    6.085538    0.000000    0.000000    6.111997  -8.6956116830E-002
    6.111997    0.000000    0.000000    6.138456  -8.6579719988E-002
    6.138456    0.000000    0.000000    6.164915  -8.6206560036E-002
    6.164915    0.000000    0.000000    6.191373  -8.5836606148E-002
    6.191373    0.000000    0.000000    6.217832  -8.5469807297E-002
    6.217832    0.000000    0.000000    6.244291  -8.5106125619E-002
    6.244291    0.000000    0.000000    6.270750  -8.4745533287E-002
    6.270750    0.000000    0.000000    6.297209  -8.4387975037E-002
    6.297209    0.000000    0.000000    6.323668  -8.4033423198E-002
    6.323668    0.000000    0.000000    6.350127  -8.3681833332E-002
    6.350127    0.000000    0.000000    6.376585  -8.3333176195E-002
    6.376585    0.000000    0.000000    6.403044  -8.2987406187E-002
    6.403044    0.000000    0.000000    6.429503  -8.2644497595E-002
    6.429503    0.000000    0.000000    6.455962  -8.2304409005E-002
    6.455962    0.000000    0.000000    6.482421  -8.1967105890E-002
    6.482421    0.000000    0.000000    6.508880  -8.1632557986E-002
    6.508880    0.000000    0.000000    6.535339  -8.1300726186E-002
    6.535339    0.000000    0.000000    6.561797  -8.0971579582E-002
    6.561797    0.000000    0.000000    6.588256  -8.0645091436E-002
    6.588256    0.000000    0.000000    6.614715  -8.0321220013E-002
    6.614715    0.000000    0.000000    6.641174  -7.9999941787E-002
    6.641174    0.000000    0.000000    6.667633  -7.9681223140E-002
    6.667633    0.000000    0.000000    6.694092  -7.9365033288E-002
    6.694092    0.000000    0.000000    6.720551  -7.9051343582E-002
    6.720551    0.000000    0.000000    6.747009  -7.8740122797E-002
    6.747009    0.000000    0.000000    6.773468  -7.8431339527E-002
    6.773468    0.000000    0.000000    6.799927  -7.8124969614E-002
    6.799927    0.000000    0.000000    6.826386  -7.7820985825E-002
    6.826386    0.000000    0.000000    6.852845  -7.7519356892E-002
    6.852845    0.000000    0.000000    6.879304  -7.7220054537E-002
    6.879304    0.000000    0.000000    6.905763  -7.6923058828E-002
    6.905763    0.000000    0.000000    6.932221  -7.6628337161E-002
    6.932221    0.000000    0.000000    6.958680  -7.6335862244E-002
    6.958680    0.000000    0.000000    6.985139  -7.6045616887E-002
    6.985139    0.000000    0.000000    7.011598  -7.5757565322E-002
    7.011598    0.000000    0.000000    7.038057  -7.5471689794E-002
    7.038057    0.000000    0.000000    7.064516  -7.5187963645E-002
    7.064516    0.000000    0.000000    7.090975  -7.4906359977E-002
    7.090975    0.000000    0.000000    7.117433  -7.4626860574E-002
    7.117433    0.000000    0.000000    7.143892  -7.4349437348E-002
    7.143892    0.000000    0.000000    7.170351  -7.4074070103E-002
    7.170351    0.000000    0.000000    7.196810  -7.3800734392E-002
    7.196810    0.000000    0.000000    7.223269  -7.3529411720E-002
    7.223269    0.000000    0.000000    7.249728  -7.3260070082E-002
    7.249728    0.000000    0.000000    7.276187  -7.2992700744E-002
    7.276187    0.000000    0.000000    7.302646  -7.2727272056E-002
    7.302646    0.000000    0.000000    7.329104  -7.2463769097E-002
    7.329104    0.000000    0.000000    7.355563  -7.2202168182E-002
    7.355563    0.000000    0.000000    7.382022  -7.1942445760E-002
    7.382022    0.000000    0.000000    7.408481  -7.1684589134E-002
    7.408481    0.000000    0.000000    7.434940  -7.1428573988E-002
    7.434940    0.000000    0.000000    7.461399  -7.1174380043E-002
    7.461399    0.000000    0.000000    7.487858  -7.0921990233E-002
    7.487858    0.000000    0.000000    7.514316  -7.0671382095E-002
    7.514316    0.000000    0.000000    7.540775  -7.0422539646E-002
    7.540775    0.000000    0.000000    7.567234  -7.0175442255E-002
    7.567234    0.000000    0.000000    7.593693  -6.9930073588E-002
    7.593693    0.000000    0.000000    7.620152  -6.9686414732E-002
    7.620152    0.000000    0.000000    7.646611  -6.9444449369E-002
    7.646611    0.000000    0.000000    7.673070  -6.9204156577E-002
    7.673070    0.000000    0.000000    7.699528  -6.8965521206E-002
    7.699528    0.000000    0.000000    7.725987  -6.8728527127E-002
    7.725987    0.000000    0.000000    7.752446  -6.8493155371E-002
    7.752446    0.000000    0.000000    7.778905  -6.8259390424E-002
    7.778905    0.000000    0.000000    7.805364  -6.8027216593E-002
    7.805364    0.000000    0.000000    7.831823  -6.7796613743E-002
    7.831823    0.000000    0.000000    7.858282  -6.7567572623E-002
    7.858282    0.000000    0.000000    7.884740  -6.7340070994E-002
    7.884740    0.000000    0.000000    7.911199  -6.7114099095E-002
    7.911199    0.000000    0.000000    7.937658  -6.6889637424E-002
    7.937658    0.000000    0.000000    7.964117  -6.6666672268E-002
    7.964117    0.000000    0.000000    7.990576  -6.6445186441E-002
    7.990576    0.000000    0.000000    8.017035  -6.6225170175E-002
    8.017035    0.000000    0.000000    8.043494  -6.6006606377E-002
    8.043494    0.000000    0.000000    8.069952  -6.5789478559E-002
    8.069952    0.000000    0.000000    8.096411  -6.5573774985E-002
    8.096411    0.000000    0.000000    8.122870  -6.5359482845E-002
    8.122870    0.000000    0.000000    8.149329  -6.5146584486E-002
    8.149329    0.000000    0.000000    8.175788  -6.4935070095E-002
    8.175788    0.000000    0.000000    8.202247  -6.4724925051E-002
    8.202247    0.000000    0.000000    8.228706  -6.4516134922E-002
    8.228706    0.000000    0.000000    8.255164  -6.4308686947E-002
    8.255164    0.000000    0.000000    8.281623  -6.4102569322E-002
    8.281623    0.000000    0.000000    8.308082  -6.3897767662E-002
    8.308082    0.000000    0.000000    8.334541  -6.3694272468E-002
    8.334541    0.000000    0.000000    8.361000  -6.3492068726E-002
    8.361000    0.000000    0.000000    8.387459  -6.3291144316E-002
    8.387459    0.000000    0.000000    8.413918  -6.3091487440E-002
    8.413918    0.000000    0.000000    8.440377  -6.2893087134E-002
    8.440377    0.000000    0.000000    8.466835  -6.2695928440E-002
    8.466835    0.000000    0.000000    8.493294  -6.2500005811E-002
    8.493294    0.000000    0.000000    8.519753  -6.2305300473E-002
    8.519753    0.000000    0.000000    8.546212  -6.2111806109E-002
    8.546212    0.000000    0.000000    8.572671  -6.1919510153E-002
    8.572671    0.000000    0.000000    8.599130  -6.1728400182E-002
    8.599130    0.000000    0.000000    8.625589  -6.1538466751E-002
    8.625589    0.000000    0.000000    8.652047  -6.1349698473E-002
    8.652047    0.000000    0.000000    8.678506  -6.1162083536E-002
    8.678506    0.000000    0.000000    8.704965  -6.0975613639E-002
    8.704965    0.000000    0.000000    8.731424  -6.0790278730E-002
    8.731424    0.000000    0.000000    8.757883  -6.0606065009E-002
    8.757883    0.000000    0.000000    8.784342  -6.0422965571E-002
    8.784342    0.000000    0.000000    8.810801  -6.0240968925E-002
    8.810801    0.000000    0.000000    8.837259  -6.0060063744E-002
    8.837259    0.000000    0.000000    8.863718  -5.9880244655E-002
    8.863718    0.000000    0.000000    8.890177  -5.9701498010E-002
    8.890177    0.000000    0.000000    8.916636  -5.9523814502E-002
    8.916636    0.000000    0.000000    8.943095  -5.9347185594E-002
    8.943095    0.000000    0.000000    8.969554  -5.9171602485E-002
    8.969554    0.000000    0.000000    8.996013  -5.8997055538E-002
    8.996013    0.000000    0.000000    9.022471  -5.8823533515E-002
    9.022471    0.000000    0.000000    9.048930  -5.8651031294E-002
    9.048930    0.000000    0.000000    9.075389  -5.8479536780E-002
    9.075389    0.000000    0.000000    9.101848  -5.8309043167E-002
    9.101848    0.000000    0.000000    9.128307  -5.8139538230E-002
    9.128307    0.000000    0.000000    9.154766  -5.7971020096E-002
    9.154766    0.000000    0.000000    9.181225  -5.7803473857E-002
    9.181225    0.000000    0.000000    9.207683  -5.7636892366E-002
    9.207683    0.000000    0.000000    9.234142  -5.7471268843E-002
    9.234142    0.000000    0.000000    9.260601  -5.7306593898E-002
    9.260601    0.000000    0.000000    9.287060  -5.7142861646E-002
    9.287060    0.000000    0.000000    9.313519  -5.6980061766E-002
    9.313519    0.000000    0.000000    9.339978  -5.6818186755E-002
    9.339978    0.000000    0.000000    9.366437  -5.6657229141E-002
    9.366437    0.000000    0.000000    9.392895  -5.6497179081E-002
    9.392895    0.000000    0.000000    9.419354  -5.6338031957E-002
    9.419354    0.000000    0.000000    9.445813  -5.6179780116E-002
    9.445813    0.000000    0.000000    9.472272  -5.6022413207E-002
    9.472272    0.000000    0.000000    9.498731  -5.5865926473E-002
    9.498731    0.000000    0.000000    9.525190  -5.5710310593E-002
    9.525190    0.000000    0.000000    9.551649  -5.5555559089E-002
    9.551649    0.000000    0.000000    9.578108  -5.5401665975E-002
    9.578108    0.000000    0.000000    9.604566  -5.5248622481E-002
    9.604566    0.000000    0.000000    9.631025  -5.5096422534E-002
    9.631025    0.000000    0.000000    9.657484  -5.4945059542E-002
    9.657484    0.000000    0.000000    9.683943  -5.4794524647E-002
    9.683943    0.000000    0.000000    9.710402  -5.4644813647E-002
    9.710402    0.000000    0.000000    9.736861  -5.4495916760E-002
    9.736861    0.000000    0.000000    9.763320  -5.4347831726E-002
    9.763320    0.000000    0.000000    9.789778  -5.4200546492E-002
    9.789778    0.000000    0.000000    9.816237  -5.4054058426E-002
    9.816237    0.000000    0.000000    9.842696  -5.3908360193E-002
    9.842696    0.000000    0.000000    9.869155  -5.3763445009E-002
    9.869155    0.000000    0.000000    9.895614  -5.3619308710E-002
    9.895614    0.000000    0.000000    9.922073  -5.3475939786E-002
    9.922073    0.000000    0.000000    9.948532  -5.3333337092E-002
    9.948532    0.000000    0.000000    9.974990  -5.3191494407E-002
    9.974990    0.000000    0.000000   10.001449  -5.3050401544E-002
   10.001449    0.000000    0.000000   10.027908  -5.2910056196E-002
   10.027908    0.000000    0.000000   10.054367  -5.2770451797E-002
   10.054367    0.000000    0.000000   10.080826  -5.2631583118E-002
   10.080826    0.000000    0.000000   10.107285  -5.2493442245E-002
   10.107285    0.000000    0.000000   10.133744  -5.2356025781E-002
   10.133744    0.000000    0.000000   10.160202  -5.2219325046E-002
   10.160202    0.000000    0.000000   10.186661  -5.2083338951E-002
   10.186661    0.000000    0.000000   10.213120  -5.1948056419E-002
   10.213120    0.000000    0.000000   10.239579  -5.1813475987E-002
   10.239579    0.000000    0.000000   10.266038  -5.1679590309E-002
   10.266038    0.000000    0.000000   10.292497  -5.1546396393E-002
   10.292497    0.000000    0.000000   10.318956  -5.1413886377E-002
   10.318956    0.000000    0.000000   10.345414  -5.1282055899E-002
   10.345414    0.000000    0.000000   10.371873  -5.1150899746E-002
   10.371873    0.000000    0.000000   10.398332  -5.1020412757E-002
   10.398332    0.000000    0.000000   10.424791  -5.0890589823E-002
   10.424791    0.000000    0.000000   10.451250  -5.0761425890E-002
   10.451250    0.000000    0.000000   10.477709  -5.0632915951E-002
   10.477709    0.000000    0.000000   10.504168  -5.0505055052E-002
   10.504168    0.000000    0.000000   10.530626  -5.0377838289E-002
   10.530626    0.000000    0.000000   10.557085  -5.0251260805E-002
   10.557085    0.000000    0.000000   10.583544  -5.0125317796E-002
   10.583544    0.000000    0.000000   10.610003  -5.0000004501E-002
   10.610003    0.000000    0.000000   10.636462  -4.9875316211E-002
   10.636462    0.000000    0.000000   10.662921  -4.9751248260E-002
   10.662921    0.000000    0.000000   10.689380  -4.9627796031E-002
   10.689380    0.000000    0.000000   10.715839  -4.9504954952E-002
   10.715839    0.000000    0.000000   10.742297  -4.9382720495E-002
   10.742297    0.000000    0.000000   10.768756  -4.9261088179E-002
   10.768756    0.000000    0.000000   10.795215  -4.9140053564E-002
   10.795215    0.000000    0.000000   10.821674  -4.9019612256E-002
   10.821674    0.000000    0.000000   10.848133  -4.8899759904E-002
   10.848133    0.000000    0.000000   10.874592  -4.8780492197E-002
   10.874592    0.000000    0.000000   10.901051  -4.8661804868E-002
   10.901051    0.000000    0.000000   10.927509  -4.8543693691E-002
   10.927509    0.000000    0.000000   10.953968  -4.8426154481E-002
   10.953968    0.000000    0.000000   10.980427  -4.8309183093E-002
   10.980427    0.000000    0.000000   11.006886  -4.8192775423E-002
   11.006886    0.000000    0.000000   11.033345  -4.8076927405E-002
   11.033345    0.000000    0.000000   11.059804  -4.7961635013E-002
   11.059804    0.000000    0.000000   11.086263  -4.7846894260E-002
   11.086263    0.000000    0.000000   11.112721  -4.7732701195E-002
   11.112721    0.000000    0.000000   11.139180  -4.7619051906E-002
   11.139180    0.000000    0.000000   11.165639  -4.7505942519E-002
   11.165639    0.000000    0.000000   11.192098  -4.7393369196E-002
   11.192098    0.000000    0.000000   11.218557  -4.7281328134E-002
   11.218557    0.000000    0.000000   11.245016  -4.7169815567E-002
   11.245016    0.000000    0.000000   11.271475  -4.7058827766E-002
   11.271475    0.000000    0.000000   11.297933  -4.6948361034E-002
   11.297933    0.000000    0.000000   11.324392  -4.6838411711E-002
   11.324392    0.000000    0.000000   11.350851  -4.6728976170E-002
   11.350851    0.000000    0.000000   11.377310  -4.6620050817E-002
   11.377310    0.000000    0.000000   11.403769  -4.6511632094E-002
   11.403769    0.000000    0.000000   11.430228  -4.6403716475E-002
   11.430228    0.000000    0.000000   11.456687  -4.6296300464E-002
   11.456687    0.000000    0.000000   11.483145  -4.6189380602E-002
   11.483145    0.000000    0.000000   11.509604  -4.6082953458E-002
   11.509604    0.000000    0.000000   11.536063  -4.5977015633E-002
   11.536063    0.000000    0.000000   11.562522  -4.5871563763E-002
   11.562522    0.000000    0.000000   11.588981  -4.5766594509E-002
   11.588981    0.000000    0.000000   11.615440  -4.5662104568E-002
   11.615440    0.000000    0.000000   11.641899  -4.5558090662E-002
   11.641899    0.000000    0.000000   11.668358  -4.5454549547E-002
   11.668358    0.000000    0.000000   11.694816  -4.5351478006E-002
   11.694816    0.000000    0.000000   11.721275  -4.5248872852E-002
   11.721275    0.000000    0.000000   11.747734  -4.5146730927E-002
   11.747734    0.000000    0.000000   11.774193  -4.5045049100E-002
   11.774193    0.000000    0.000000   11.800652  -4.4943824271E-002
   11.800652    0.000000    0.000000   11.827111  -4.4843053365E-002
   11.827111    0.000000    0.000000   11.853570  -4.4742733335E-002
   11.853570    0.000000    0.000000   11.880028  -4.4642861162E-002
   11.880028    0.000000    0.000000   11.906487  -4.4543433854E-002
   11.906487    0.000000    0.000000   11.932946  -4.4444448446E-002
   11.932946    0.000000    0.000000   11.959405  -4.4345901997E-002
   11.959405    0.000000    0.000000   11.985864  -4.4247791594E-002
   11.985864    0.000000    0.000000   12.012323  -4.4150114350E-002
   12.012323    0.000000    0.000000   12.038782  -4.4052867402E-002
   12.038782    0.000000    0.000000   12.065240  -4.3956047913E-002
   12.065240    0.000000    0.000000   12.091699  -4.3859653071E-002
   12.091699    0.000000    0.000000   12.118158  -4.3763680089E-002
   12.118158    0.000000    0.000000   12.144617  -4.3668126202E-002
   12.144617    0.000000    0.000000   12.171076  -4.3572988672E-002
   12.171076    0.000000    0.000000   12.197535  -4.3478264784E-002
   12.197535    0.000000    0.000000   12.223994  -4.3383951845E-002
   12.223994    0.000000    0.000000   12.250452  -4.3290047187E-002
   12.250452    0.000000    0.000000   12.276911  -4.3196548165E-002
   12.276911    0.000000    0.000000   12.303370  -4.3103452156E-002
   12.303370    0.000000    0.000000   12.329829  -4.3010756560E-002
   12.329829    0.000000    0.000000   12.356288  -4.2918458800E-002
   12.356288    0.000000    0.000000   12.382747  -4.2826556318E-002
   12.382747    0.000000    0.000000   12.409206  -4.2735046582E-002
   12.409206    0.000000    0.000000   12.435664  -4.2643927080E-002
   12.435664    0.000000    0.000000   12.462123  -4.2553195320E-002
   12.462123    0.000000    0.000000   12.488582  -4.2462848833E-002
   12.488582    0.000000    0.000000   12.515041  -4.2372885171E-002
   12.515041    0.000000    0.000000   12.541500  -4.2283301904E-002
   12.541500    0.000000    0.000000   12.567959  -4.2194096626E-002
   12.567959    0.000000    0.000000   12.594418  -4.2105266949E-002
   12.594418    0.000000    0.000000   12.620876  -4.2016810505E-002
   12.620876    0.000000    0.000000   12.647335  -4.1928724949E-002
   12.647335    0.000000    0.000000   12.673794  -4.1841007951E-002
   12.673794    0.000000    0.000000   12.700253  -4.1753657204E-002
   12.700253    0.000000    0.000000   12.726712  -4.1666670418E-002
   12.726712    0.000000    0.000000   12.753171  -4.1580045323E-002
   12.753171    0.000000    0.000000   12.779630  -4.1493779669E-002
   12.779630    0.000000    0.000000   12.806089  -4.1407871223E-002
   12.806089    0.000000    0.000000   12.832547  -4.1322317770E-002
   12.832547    0.000000    0.000000   12.859006  -4.1237117115E-002
   12.859006    0.000000    0.000000   12.885465  -4.1152267079E-002
   12.885465    0.000000    0.000000   12.911924  -4.1067765504E-002
   12.911924    0.000000    0.000000   12.938383  -4.0983610247E-002
   12.938383    0.000000    0.000000   12.964842  -4.0899799183E-002
   12.964842    0.000000    0.000000   12.991301  -4.0816330205E-002
   12.991301    0.000000    0.000000   13.017759  -4.0733201223E-002
   13.017759    0.000000    0.000000   13.044218  -4.0650410164E-002
   13.044218    0.000000    0.000000   13.070677  -4.0567954971E-002
   13.070677    0.000000    0.000000   13.097136  -4.0485833604E-002
   13.097136    0.000000    0.000000   13.123595  -4.0404044042E-002
   13.123595    0.000000    0.000000   13.150054  -4.0322584275E-002
   13.150054    0.000000    0.000000   13.176513  -4.0241452315E-002
   13.176513    0.000000    0.000000   13.202971  -4.0160646186E-002
   13.202971    0.000000    0.000000   13.229430  -4.0080163929E-002
