2.0 -0.000673156404
2.2 -0.000576475877
2.4 -0.000476126234
2.6 -0.000385380214
2.8 -0.000310835706
3.0 -0.000252961957
3.2 -0.000209421847
3.4 -0.000177205580
3.6 -0.000153550075
3.8 0.000036579236
4.0 0.000036863460
4.2 0.000036930077
4.4 0.000036826338
4.6 0.000036588843
4.8 0.000036247190
5.0 0.000035824068
5.2 0.000035338939
5.4 0.000034807411
5.6 0.000034241269
5.8 0.000033651500
6.0 0.000033047717
6.2 0.000032439723
6.4 0.000031836669
6.6 0.000031249207
6.8 0.000030687690
7.0 0.000030162111
7.2 0.000029681620
7.4 0.000029254242
7.6 0.000028886707
7.8 0.000028584340
8.0 0.000028350965
8.2 0.000028188844
8.4 0.000028098662
8.6 0.000028079576
8.8 0.000028129327
9.0 0.000028244427
9.2 0.000028420381
9.4 0.000028651935
9.6 0.000028933325
9.8 0.000029258511
10.0 0.000029621390
10.2 0.000030015973
10.4 0.000030436536
10.6 0.000030828271
10.8 0.000031284912
11.0 0.000031752867
11.2 0.000032228221
11.4 0.000032707596
11.6 0.000033188091
11.8 0.000033667267
12.0 0.000034143096
12.2 0.000034613922
12.4 0.000035078770
12.6 0.000035535855
12.8 0.000035984737
13.0 0.000036424806
13.2 0.000036855619
13.4 0.000037276876
13.6 0.000037688393
13.8 0.000038090072
14.0 0.000038481899
14.2 0.000038863906
14.4 0.000039236175
14.6 0.000039598818
14.8 0.000039951972
15.0 0.000040295790
15.2 0.000040630435
15.4 0.000040956077
15.6 0.000041272891
15.8 0.000041581053
16.0 0.000041880739
16.2 0.000042172127
16.4 0.000042455393
16.6 0.000042730712
16.8 0.000042998263
17.0 0.000043258581
17.2 0.000043511107
17.4 0.000043551559
17.6 0.000043788321
17.8 0.000044018197
18.0 0.000044241403
18.2 0.000044458095
18.4 0.000044668465
18.6 0.000044872686
18.8 0.000045070931
19.0 0.000045263390
19.2 0.000045450231
19.4 0.000045631626
19.6 0.000045807741
19.8 0.000045978771
20.0 0.000046144855
20.2 0.000046306171
20.4 0.000046462889
20.6 0.000046615154
20.8 0.000046763124
21.0 0.000046906948
21.2 0.000047046774
21.4 0.000047182747
21.6 0.000047315003
21.8 0.000047443673
22.0 0.000047568885
22.2 0.000047690764
22.4 0.000047809429
22.6 0.000047924994
22.8 0.000048037569
23.0 0.000048147592
23.2 0.000048254487
23.4 0.000048358694
23.6 0.000048460303
23.8 0.000048559401
24.0 0.000048656072
24.2 0.000048750395
24.4 0.000048842444
24.6 0.000048932290
24.8 0.000049020002
25.0 0.000049105644
25.2 0.000049189275
25.4 0.000049270955
25.6 0.000049350738
25.8 0.000049428675
26.0 0.000049504817
26.2 0.000049579210
26.4 0.000049651898
26.6 0.000049722924
26.8 0.000049792328
27.0 0.000049860149
27.2 0.000049926424
27.4 0.000049991186
27.6 0.000050054471
27.8 0.000050116310
28.0 0.000050176733
28.2 0.000050235771
28.4 0.000050293453
28.6 0.000050349805
28.8 0.000050404855
29.0 0.000050458628
29.2 0.000050511151
29.4 0.000050562447
29.6 0.000050612540
29.8 0.000050661454
30.0 0.000050709211
30.2 0.000050755835
30.4 0.000050801347
30.6 0.000050845769
30.8 0.000050889122
31.0 0.000050931427
31.2 0.000050972706
31.4 0.000051012978
31.6 0.000051052264
31.8 0.000051090585
32.0 0.000051127959
32.2 0.000051164407
32.4 0.000051199949
32.6 0.000051234604
32.8 0.000051268391
33.0 0.000051301329
33.2 0.000051333438
33.4 0.000051364736
33.6 0.000051395525
33.8 0.000051425253
34.0 0.000051454226
34.2 0.000051482463
34.4 0.000051509981
34.6 0.000051536799
34.8 0.000051562933
35.0 0.000051588403
35.2 0.000051613225
35.4 0.000051637417
35.6 0.000051660995
35.8 0.000051683977
36.0 0.000051706379
36.2 0.000051728218
36.4 0.000051749510
36.6 0.000051770270
36.8 0.000051790516
37.0 0.000051810262
37.2 0.000051829523
37.4 0.000051848314
37.6 0.000051866651
37.8 0.000051884547
38.0 0.000051902017
38.2 0.000051919074
38.4 0.000051935732
38.6 0.000051952004
38.8 0.000051967903
39.0 0.000051983240
39.2 0.000051998433
39.4 0.000052013289
39.6 0.000052027740
39.8 0.000052041958
40.0 0.000052055842
40.2 0.000052069445
40.4 0.000016364241
40.6 0.000014143644
40.8 0.000012597715
41.0 0.000011380923
41.2 0.000010370737
41.4 0.000009506190
41.6 0.000008751760
41.8 0.000008084209
42.0 0.000007487464
42.2 0.000006949794
42.4 0.000006462306
42.6 0.000006018058
42.8 0.000005611501
43.0 0.000005238111
43.2 0.000004894141
43.4 0.000004576370
43.6 0.000004282273
43.8 0.000004009476
44.0 0.000003755993
44.2 0.000003520087
44.4 0.000003300234
44.6 0.000003095088
44.8 0.000002903451
45.0 0.000002724254
45.2 0.000002556538
45.4 0.000002399440
45.6 0.000002252180
45.8 0.000002114049
46.0 0.000001984405
46.2 0.000001862662
46.4 0.000001748282
46.6 0.000001640775
46.8 0.000001539690
47.0 0.000001444610
47.2 0.000001355091
47.4 0.000001270905
47.6 0.000001191662
47.8 0.000001117058
48.0 0.000001046810
48.2 0.000000980659
48.4 0.000000918359
48.6 0.000000859686
48.8 0.000000804426
49.0 0.000000752383
49.2 0.000000703373
49.4 0.000000657221
49.6 0.000000613767
49.8 0.000000572859
50.0 0.000000534354
50.2 0.000000498118
50.4 0.000000464027
50.6 0.000000431961
50.8 0.000000401809
51.0 0.000000373467
51.2 0.000000346836
51.4 0.000000321822
51.6 0.000000298281
51.8 0.000000276245
52.0 0.000000255577
52.2 0.000000236202
52.4 0.000000218051
52.6 0.000000201057
52.8 0.000000185156
53.0 0.000000170290
53.2 0.000000156401
53.4 0.000000143437
53.6 0.000000131345
53.8 0.000000120079
54.0 0.000000109592
54.2 0.000000099840
54.4 0.000000090783
54.6 0.000000082381
54.8 0.000000074596
55.0 0.000000067394
55.2 0.000000060740
55.4 0.000000054603
55.6 0.000000048900
55.8 0.000000043707
56.0 0.000000038944
56.2 0.000000034583
56.4 0.000000030599
56.6 0.000000026970
56.8 0.000000023671
57.0 0.000000020681
57.2 0.000000017980
