2.0 -0.048821501157
2.2 -0.046471182578
2.4 -0.043982751878
2.6 -0.041524857892
2.8 -0.039235033655
3.0 -0.037165690530
3.2 -0.035310942540
3.4 -0.033637714173
3.6 -0.032105237053
3.8 -0.019018110453
4.0 -0.019096044202
4.2 -0.019199472697
4.4 -0.019303966518
4.6 -0.019387434993
4.8 -0.019431134582
5.0 -0.019420535192
5.2 -0.019345863559
5.4 -0.019202269347
5.6 -0.018989628324
5.8 -0.018711975404
6.0 -0.018376612690
6.2 -0.017993001569
6.4 -0.017571594360
6.6 -0.017122776555
6.8 -0.016656070396
7.0 -0.016179667239
7.2 -0.015700274430
7.4 -0.015223191381
7.6 -0.014752501162
7.8 -0.014291296669
8.0 -0.013841885823
8.2 -0.013405958966
8.4 -0.012984717468
8.6 -0.012578970279
8.8 -0.012189206972
9.0 -0.011815654661
9.2 -0.011458324499
9.4 -0.011117051419
9.6 -0.010791529123
9.8 -0.010481341136
10.0 -0.010185988161
10.2 -0.009904911742
10.4 -0.009637514154
10.6 -0.009383206857
10.8 -0.009141294440
11.0 -0.008911182034
11.2 -0.008692250181
11.4 -0.008483895069
11.6 -0.008285533201
11.8 -0.008096604766
12.0 -0.007916575900
12.2 -0.007744940046
12.4 -0.007581218622
12.6 -0.007424961067
12.8 -0.007275744087
13.0 -0.007133172360
13.2 -0.006996875317
13.4 -0.006866507423
13.6 -0.006741746428
13.8 -0.006622291965
14.0 -0.006507864072
14.2 -0.006398201769
14.4 -0.006293061502
14.6 -0.006192215803
14.8 -0.006095451940
15.0 -0.006002570622
15.2 -0.005913384802
15.4 -0.005827718588
15.6 -0.005745406228
15.8 -0.005666291197
16.0 -0.005590225364
16.2 -0.005517068296
16.4 -0.005446686599
16.6 -0.005378953373
16.8 -0.005313747713
17.0 -0.005250954312
17.2 -0.005190463096
17.4 -0.005132183196
17.6 -0.005075984999
17.8 -0.005021787377
18.0 -0.004969498203
18.2 -0.004919030556
18.4 -0.004870300324
18.6 -0.004823227589
18.8 -0.004777736111
19.0 -0.004733753231
19.2 -0.004691209754
19.4 -0.004650039782
19.6 -0.004610180736
19.8 -0.004571573169
20.0 -0.004534160622
20.2 -0.004497889633
20.4 -0.004462709548
20.6 -0.004428572441
20.8 -0.004395433006
21.0 -0.004363248450
21.2 -0.004331978388
21.4 -0.004301584736
21.6 -0.004272031607
21.8 -0.004243285200
22.0 -0.004215313703
22.2 -0.004188087187
22.4 -0.004161577501
22.6 -0.004135758183
22.8 -0.004110604355
23.0 -0.004086092638
23.2 -0.004062201045
23.4 -0.004038908917
23.6 -0.004016196816
23.8 -0.003994046438
24.0 -0.003972440618
24.2 -0.003951362738
24.4 -0.003930798257
24.6 -0.003910732361
24.8 -0.003891151409
25.0 -0.003872042493
25.2 -0.003853393381
25.4 -0.003835192462
25.6 -0.003817428698
25.8 -0.003800091574
26.0 -0.003783171055
26.2 -0.003766657544
26.4 -0.003750541845
26.6 -0.003734815128
26.8 -0.003719468895
27.0 -0.003704494951
27.2 -0.003689885374
27.4 -0.003675632493
27.6 -0.003661728865
27.8 -0.003648167249
28.0 -0.003634940591
28.2 -0.003622042008
28.4 -0.003609464769
