  -10.583544    0.000000    0.000000    0.042334  -8.3352274521E-002
  -10.541210    0.000000    0.000000    0.084668  -8.3642393046E-002
  -10.498876    0.000000    0.000000    0.127003  -8.3934611382E-002
  -10.456542    0.000000    0.000000    0.169337  -8.4228953095E-002
  -10.414208    0.000000    0.000000    0.211671  -8.4525442112E-002
  -10.371873    0.000000    0.000000    0.254005  -8.4824102731E-002
  -10.329539    0.000000    0.000000    0.296339  -8.5124959627E-002
  -10.287205    0.000000    0.000000    0.338673  -8.5428037857E-002
  -10.244871    0.000000    0.000000    0.381008  -8.5733362953E-002
  -10.202537    0.000000    0.000000    0.423342  -8.6040959956E-002
  -10.160202    0.000000    0.000000    0.465676  -8.6350857540E-002
  -10.117868    0.000000    0.000000    0.508010  -8.6663078996E-002
  -10.075534    0.000000    0.000000    0.550344  -8.6977653581E-002
  -10.033200    0.000000    0.000000    0.592678  -8.7294608952E-002
   -9.990866    0.000000    0.000000    0.635013  -8.7613971957E-002
   -9.948532    0.000000    0.000000    0.677347  -8.7935771823E-002
   -9.906197    0.000000    0.000000    0.719681  -8.8260036482E-002
   -9.863863    0.000000    0.000000    0.762015  -8.8586796132E-002
   -9.821529    0.000000    0.000000    0.804349  -8.8916081336E-002
   -9.779195    0.000000    0.000000    0.846684  -8.9247921036E-002
   -9.736861    0.000000    0.000000    0.889018  -8.9582346843E-002
   -9.694527    0.000000    0.000000    0.931352  -8.9919388885E-002
   -9.652192    0.000000    0.000000    0.973686  -9.0259080384E-002
   -9.609858    0.000000    0.000000    1.016020  -9.0601452628E-002
   -9.567524    0.000000    0.000000    1.058354  -9.0946540244E-002
   -9.525190    0.000000    0.000000    1.100689  -9.1294374438E-002
   -9.482856    0.000000    0.000000    1.143023  -9.1644991401E-002
   -9.440521    0.000000    0.000000    1.185357  -9.1998425063E-002
   -9.398187    0.000000    0.000000    1.227691  -9.2354708982E-002
   -9.355853    0.000000    0.000000    1.270025  -9.2713881897E-002
   -9.313519    0.000000    0.000000    1.312359  -9.3075977846E-002
   -9.271185    0.000000    0.000000    1.354694  -9.3441034957E-002
   -9.228851    0.000000    0.000000    1.397028  -9.3809090185E-002
   -9.186516    0.000000    0.000000    1.439362  -9.4180182974E-002
   -9.144182    0.000000    0.000000    1.481696  -9.4554352064E-002
   -9.101848    0.000000    0.000000    1.524030  -9.4931636397E-002
   -9.059514    0.000000    0.000000    1.566365  -9.5312078376E-002
   -9.017180    0.000000    0.000000    1.608699  -9.5695716904E-002
   -8.974845    0.000000    0.000000    1.651033  -9.6082594560E-002
   -8.932511    0.000000    0.000000    1.693367  -9.6472754787E-002
   -8.890177    0.000000    0.000000    1.735701  -9.6866240333E-002
   -8.847843    0.000000    0.000000    1.778035  -9.7263095222E-002
   -8.805509    0.000000    0.000000    1.820370  -9.7663365700E-002
   -8.763175    0.000000    0.000000    1.862704  -9.8067095555E-002
   -8.720840    0.000000    0.000000    1.905038  -9.8474332892E-002
   -8.678506    0.000000    0.000000    1.947372  -9.8885125437E-002
   -8.636172    0.000000    0.000000    1.989706  -9.9299522079E-002
   -8.593838    0.000000    0.000000    2.032040  -9.9717569763E-002
   -8.551504    0.000000    0.000000    2.074375  -1.0013932116E-001
   -8.509170    0.000000    0.000000    2.116709  -1.0056482793E-001
   -8.466835    0.000000    0.000000    2.159043  -1.0099413997E-001
   -8.424501    0.000000    0.000000    2.201377  -1.0142731128E-001
   -8.382167    0.000000    0.000000    2.243711  -1.0186439669E-001
   -8.339833    0.000000    0.000000    2.286046  -1.0230545163E-001
   -8.297499    0.000000    0.000000    2.328380  -1.0275053199E-001
   -8.255164    0.000000    0.000000    2.370714  -1.0319969543E-001
   -8.212830    0.000000    0.000000    2.413048  -1.0365300021E-001
   -8.170496    0.000000    0.000000    2.455382  -1.0411050680E-001
   -8.128162    0.000000    0.000000    2.497716  -1.0457227492E-001
   -8.085828    0.000000    0.000000    2.540051  -1.0503836803E-001
   -8.043494    0.000000    0.000000    2.582385  -1.0550884919E-001
   -8.001159    0.000000    0.000000    2.624719  -1.0598378259E-001
   -7.958825    0.000000    0.000000    2.667053  -1.0646323528E-001
   -7.916491    0.000000    0.000000    2.709387  -1.0694727259E-001
   -7.874157    0.000000    0.000000    2.751721  -1.0743596502E-001
   -7.831823    0.000000    0.000000    2.794056  -1.0792938278E-001
   -7.789489    0.000000    0.000000    2.836390  -1.0842759638E-001
   -7.747154    0.000000    0.000000    2.878724  -1.0893067963E-001
   -7.704820    0.000000    0.000000    2.921058  -1.0943870681E-001
   -7.662486    0.000000    0.000000    2.963392  -1.0995175464E-001
   -7.620152    0.000000    0.000000    3.005727  -1.1046990027E-001
   -7.577818    0.000000    0.000000    3.048061  -1.1099322314E-001
   -7.535483    0.000000    0.000000    3.090395  -1.1152180525E-001
   -7.493149    0.000000    0.000000    3.132729  -1.1205572932E-001
   -7.450815    0.000000    0.000000    3.175063  -1.1259507937E-001
   -7.408481    0.000000    0.000000    3.217397  -1.1313994228E-001
   -7.366147    0.000000    0.000000    3.259732  -1.1369040548E-001
   -7.323813    0.000000    0.000000    3.302066  -1.1424656247E-001
   -7.281478    0.000000    0.000000    3.344400  -1.1480850554E-001
   -7.239144    0.000000    0.000000    3.386734  -1.1537632570E-001
   -7.196810    0.000000    0.000000    3.429068  -1.1595012228E-001
   -7.154476    0.000000    0.000000    3.471403  -1.1652999121E-001
   -7.112142    0.000000    0.000000    3.513737  -1.1711603746E-001
   -7.069808    0.000000    0.000000    3.556071  -1.1770836516E-001
   -7.027473    0.000000    0.000000    3.598405  -1.1830707172E-001
   -6.985139    0.000000    0.000000    3.640739  -1.1891227760E-001
   -6.942805    0.000000    0.000000    3.683073  -1.1952408358E-001
   -6.900471    0.000000    0.000000    3.725408  -1.2014261062E-001
   -6.858137    0.000000    0.000000    3.767742  -1.2076796914E-001
   -6.815802    0.000000    0.000000    3.810076  -1.2140028100E-001
   -6.773468    0.000000    0.000000    3.852410  -1.2203966377E-001
   -6.731134    0.000000    0.000000    3.894744  -1.2268625082E-001
   -6.688800    0.000000    0.000000    3.937078  -1.2334015736E-001
   -6.646466    0.000000    0.000000    3.979413  -1.2400152793E-001
   -6.604132    0.000000    0.000000    4.021747  -1.2467048657E-001
   -6.561797    0.000000    0.000000    4.064081  -1.2534717170E-001
   -6.519463    0.000000    0.000000    4.106415  -1.2603172878E-001
   -6.477129    0.000000    0.000000    4.148749  -1.2672429753E-001
   -6.434795    0.000000    0.000000    4.191084  -1.2742502943E-001
   -6.392461    0.000000    0.000000    4.233418  -1.2813407194E-001
   -6.350127    0.000000    0.000000    4.275752  -1.2885158385E-001
   -6.307792    0.000000    0.000000    4.318086  -1.2957772443E-001
   -6.265458    0.000000    0.000000    4.360420  -1.3031265623E-001
   -6.223124    0.000000    0.000000    4.402754  -1.3105654822E-001
   -6.180790    0.000000    0.000000    4.445089  -1.3180957022E-001
   -6.138456    0.000000    0.000000    4.487423  -1.3257190126E-001
   -6.096121    0.000000    0.000000    4.529757  -1.3334372387E-001
   -6.053787    0.000000    0.000000    4.572091  -1.3412521850E-001
   -6.011453    0.000000    0.000000    4.614425  -1.3491658126E-001
   -5.969119    0.000000    0.000000    4.656759  -1.3571801181E-001
   -5.926785    0.000000    0.000000    4.699094  -1.3652971102E-001
   -5.884451    0.000000    0.000000    4.741428  -1.3735187719E-001
   -5.842116    0.000000    0.000000    4.783762  -1.3818473678E-001
   -5.799782    0.000000    0.000000    4.826096  -1.3902849794E-001
   -5.757448    0.000000    0.000000    4.868430  -1.3988339076E-001
   -5.715114    0.000000    0.000000    4.910765  -1.4074964650E-001
   -5.672780    0.000000    0.000000    4.953099  -1.4162750343E-001
   -5.630446    0.000000    0.000000    4.995433  -1.4251720021E-001
   -5.588111    0.000000    0.000000    5.037767  -1.4341900094E-001
   -5.545777    0.000000    0.000000    5.080101  -1.4433315552E-001
   -5.503443    0.000000    0.000000    5.122435  -1.4525992943E-001
   -5.461109    0.000000    0.000000    5.164770  -1.4619960671E-001
   -5.418775    0.000000    0.000000    5.207104  -1.4715245949E-001
   -5.376440    0.000000    0.000000    5.249438  -1.4811878068E-001
   -5.334106    0.000000    0.000000    5.291772  -1.4909887625E-001
   -5.291772    0.000000    0.000000    5.334106  -1.5009304369E-001
   -5.249438    0.000000    0.000000    5.376440  -1.5110160649E-001
   -5.207104    0.000000    0.000000    5.418775  -1.5212489517E-001
   -5.164770    0.000000    0.000000    5.461109  -1.5316324136E-001
   -5.122435    0.000000    0.000000    5.503443  -1.5421699251E-001
   -5.080101    0.000000    0.000000    5.545777  -1.5528650891E-001
   -5.037767    0.000000    0.000000    5.588111  -1.5637215791E-001
   -4.995433    0.000000    0.000000    5.630446  -1.5747431992E-001
   -4.953099    0.000000    0.000000    5.672780  -1.5859338996E-001
   -4.910765    0.000000    0.000000    5.715114  -1.5972976708E-001
   -4.868430    0.000000    0.000000    5.757448  -1.6088387507E-001
   -4.826096    0.000000    0.000000    5.799782  -1.6205614140E-001
   -4.783762    0.000000    0.000000    5.842116  -1.6324700746E-001
   -4.741428    0.000000    0.000000    5.884451  -1.6445693688E-001
   -4.699094    0.000000    0.000000    5.926785  -1.6568639683E-001
   -4.656759    0.000000    0.000000    5.969119  -1.6693587853E-001
   -4.614425    0.000000    0.000000    6.011453  -1.6820589013E-001
   -4.572091    0.000000    0.000000    6.053787  -1.6949695025E-001
   -4.529757    0.000000    0.000000    6.096121  -1.7080959554E-001
   -4.487423    0.000000    0.000000    6.138456  -1.7214437312E-001
   -4.445089    0.000000    0.000000    6.180790  -1.7350186766E-001
   -4.402754    0.000000    0.000000    6.223124  -1.7488267348E-001
   -4.360420    0.000000    0.000000    6.265458  -1.7628738974E-001
   -4.318086    0.000000    0.000000    6.307792  -1.7771666111E-001
   -4.275752    0.000000    0.000000    6.350127  -1.7917113676E-001
   -4.233418    0.000000    0.000000    6.392461  -1.8065148632E-001
   -4.191084    0.000000    0.000000    6.434795  -1.8215842592E-001
   -4.148749    0.000000    0.000000    6.477129  -1.8369266650E-001
   -4.106415    0.000000    0.000000    6.519463  -1.8525494288E-001
   -4.064081    0.000000    0.000000    6.561797  -1.8684604128E-001
   -4.021747    0.000000    0.000000    6.604132  -1.8846676287E-001
   -3.979413    0.000000    0.000000    6.646466  -1.9011791745E-001
   -3.937078    0.000000    0.000000    6.688800  -1.9180036106E-001
   -3.894744    0.000000    0.000000    6.731134  -1.9351497893E-001
   -3.852410    0.000000    0.000000    6.773468  -1.9526268201E-001
   -3.810076    0.000000    0.000000    6.815802  -1.9704440893E-001
   -3.767742    0.000000    0.000000    6.858137  -1.9886113260E-001
   -3.725408    0.000000    0.000000    6.900471  -2.0071387153E-001
   -3.683073    0.000000    0.000000    6.942805  -2.0260364072E-001
   -3.640739    0.000000    0.000000    6.985139  -2.0453152437E-001
   -3.598405    0.000000    0.000000    7.027473  -2.0649862529E-001
   -3.556071    0.000000    0.000000    7.069808  -2.0850610167E-001
   -3.513737    0.000000    0.000000    7.112142  -2.1055511386E-001
   -3.471403    0.000000    0.000000    7.154476  -2.1264688750E-001
   -3.429068    0.000000    0.000000    7.196810  -2.1478267895E-001
   -3.386734    0.000000    0.000000    7.239144  -2.1696378615E-001
   -3.344400    0.000000    0.000000    7.281478  -2.1919153719E-001
   -3.302066    0.000000    0.000000    7.323813  -2.2146730435E-001
   -3.259732    0.000000    0.000000    7.366147  -2.2379249948E-001
   -3.217397    0.000000    0.000000    7.408481  -2.2616857221E-001
   -3.175063    0.000000    0.000000    7.450815  -2.2859699591E-001
   -3.132729    0.000000    0.000000    7.493149  -2.3107932096E-001
   -3.090395    0.000000    0.000000    7.535483  -2.3361709517E-001
   -3.048061    0.000000    0.000000    7.577818  -2.3621192024E-001
   -3.005727    0.000000    0.000000    7.620152  -2.3886542072E-001
   -2.963392    0.000000    0.000000    7.662486  -2.4157927997E-001
   -2.921058    0.000000    0.000000    7.704820  -2.4435518071E-001
   -2.878724    0.000000    0.000000    7.747154  -2.4719483665E-001
   -2.836390    0.000000    0.000000    7.789489  -2.5009999518E-001
   -2.794056    0.000000    0.000000    7.831823  -2.5307242549E-001
   -2.751721    0.000000    0.000000    7.874157  -2.5611388716E-001
   -2.709387    0.000000    0.000000    7.916491  -2.5922616169E-001
   -2.667053    0.000000    0.000000    7.958825  -2.6241101993E-001
   -2.624719    0.000000    0.000000    8.001159  -2.6567024520E-001
   -2.582385    0.000000    0.000000    8.043494  -2.6900556987E-001
   -2.540051    0.000000    0.000000    8.085828  -2.7241872329E-001
   -2.497716    0.000000    0.000000    8.128162  -2.7591135577E-001
   -2.455382    0.000000    0.000000    8.170496  -2.7948509729E-001
   -2.413048    0.000000    0.000000    8.212830  -2.8314147025E-001
   -2.370714    0.000000    0.000000    8.255164  -2.8688190017E-001
   -2.328380    0.000000    0.000000    8.297499  -2.9070769473E-001
   -2.286046    0.000000    0.000000    8.339833  -2.9462002928E-001
   -2.243711    0.000000    0.000000    8.382167  -2.9861987317E-001
   -2.201377    0.000000    0.000000    8.424501  -3.0270798518E-001
   -2.159043    0.000000    0.000000    8.466835  -3.0688483671E-001
   -2.116709    0.000000    0.000000    8.509170  -3.1115063164E-001
   -2.074375    0.000000    0.000000    8.551504  -3.1550513819E-001
   -2.032040    0.000000    0.000000    8.593838  -3.1994771023E-001
   -1.989706    0.000000    0.000000    8.636172  -3.2447719992E-001
   -1.947372    0.000000    0.000000    8.678506  -3.2909175992E-001
   -1.905038    0.000000    0.000000    8.720840  -3.3378887197E-001
   -1.862704    0.000000    0.000000    8.763175  -3.3856511498E-001
   -1.820370    0.000000    0.000000    8.805509  -3.4341605664E-001
   -1.778035    0.000000    0.000000    8.847843  -3.4833596533E-001
   -1.735701    0.000000    0.000000    8.890177  -3.5331780005E-001
   -1.693367    0.000000    0.000000    8.932511  -3.5835274139E-001
   -1.651033    0.000000    0.000000    8.974845  -3.6342998969E-001
   -1.608699    0.000000    0.000000    9.017180  -3.6853641484E-001
   -1.566365    0.000000    0.000000    9.059514  -3.7365613015E-001
   -1.524030    0.000000    0.000000    9.101848  -3.7876997295E-001
   -1.481696    0.000000    0.000000    9.144182  -3.8385493572E-001
   -1.439362    0.000000    0.000000    9.186516  -3.8888358613E-001
   -1.397028    0.000000    0.000000    9.228851  -3.9382309133E-001
   -1.354694    0.000000    0.000000    9.271185  -3.9863450053E-001
   -1.312359    0.000000    0.000000    9.313519  -4.0327135109E-001
   -1.270025    0.000000    0.000000    9.355853  -4.0767851675E-001
   -1.227691    0.000000    0.000000    9.398187  -4.1179057729E-001
   -1.185357    0.000000    0.000000    9.440521  -4.1552972043E-001
   -1.143023    0.000000    0.000000    9.482856  -4.1880343963E-001
   -1.100689    0.000000    0.000000    9.525190  -4.2150153445E-001
   -1.058354    0.000000    0.000000    9.567524  -4.2349221004E-001
   -1.016020    0.000000    0.000000    9.609858  -4.2461758941E-001
   -0.973686    0.000000    0.000000    9.652192  -4.2468753996E-001
   -0.931352    0.000000    0.000000    9.694527  -4.2347194564E-001
   -0.889018    0.000000    0.000000    9.736861  -4.2069075300E-001
   -0.846684    0.000000    0.000000    9.779195  -4.1600098058E-001
   -0.804349    0.000000    0.000000    9.821529  -4.0897947997E-001
   -0.762015    0.000000    0.000000    9.863863  -3.9910035313E-001
   -0.719681    0.000000    0.000000    9.906197  -3.8570447787E-001
   -0.677347    0.000000    0.000000    9.948532  -3.6795845076E-001
   -0.635013    0.000000    0.000000    9.990866  -3.4479775681E-001
   -0.592678    0.000000    0.000000   10.033200  -3.1484687954E-001
   -0.550344    0.000000    0.000000   10.075534  -2.7630413636E-001
   -0.508010    0.000000    0.000000   10.117868  -2.2677029503E-001
   -0.465676    0.000000    0.000000   10.160202  -1.6298458360E-001
   -0.423342    0.000000    0.000000   10.202537  -8.0402937165E-002
   -0.381008    0.000000    0.000000   10.244871   2.7505370328E-002
   -0.338673    0.000000    0.000000   10.287205   1.7048706838E-001
   -0.296339    0.000000    0.000000   10.329539   3.6378105313E-001
   -0.254005    0.000000    0.000000   10.371873   6.3265114418E-001
   -0.211671    0.000000    0.000000   10.414208   1.0223206441E+000
   -0.169337    0.000000    0.000000   10.456542   1.6227645625E+000
   -0.127003    0.000000    0.000000   10.498876   2.6431027529E+000
   -0.084668    0.000000    0.000000   10.541210   4.7093021541E+000
   -0.042334    0.000000    0.000000   10.583544   1.0947697467E+001
    0.000000    0.000000    0.000000   10.625878   9.9834314121E+002
    0.042334    0.000000    0.000000   10.668213   1.0946367277E+001
    0.084668    0.000000    0.000000   10.710547   4.7066334952E+000
    0.127003    0.000000    0.000000   10.752881   2.6390804358E+000
    0.169337    0.000000    0.000000   10.795215   1.6173680165E+000
    0.211671    0.000000    0.000000   10.837549   1.0155252374E+000
    0.254005    0.000000    0.000000   10.879883   6.2442948555E-001
    0.296339    0.000000    0.000000   10.922218   3.5410421480E-001
    0.338673    0.000000    0.000000   10.964552   1.5932564498E-001
    0.381008    0.000000    0.000000   11.006886   1.4830300912E-002
    0.423342    0.000000    0.000000   11.049220  -9.4619804430E-002
    0.465676    0.000000    0.000000   11.091554  -1.7877004328E-001
    0.508010    0.000000    0.000000   11.133889  -2.4414949853E-001
    0.550344    0.000000    0.000000   11.176223  -2.9530044320E-001
    0.592678    0.000000    0.000000   11.218557  -3.3548180985E-001
    0.635013    0.000000    0.000000   11.260891  -3.6709104570E-001
    0.677347    0.000000    0.000000   11.303225  -3.9192822485E-001
    0.719681    0.000000    0.000000   11.345559  -4.1136743814E-001
    0.762015    0.000000    0.000000   11.387894  -4.2647203780E-001
    0.804349    0.000000    0.000000   11.430228  -4.3807453676E-001
    0.846684    0.000000    0.000000   11.472562  -4.4683345998E-001
    0.889018    0.000000    0.000000   11.514896  -4.5327435594E-001
    0.931352    0.000000    0.000000   11.557230  -4.5782025839E-001
    0.973686    0.000000    0.000000   11.599564  -4.6081428611E-001
    1.016020    0.000000    0.000000   11.641899  -4.6253680222E-001
    1.058354    0.000000    0.000000   11.684233  -4.6321840735E-001
    1.100689    0.000000    0.000000   11.726567  -4.6304988181E-001
    1.143023    0.000000    0.000000   11.768901  -4.6218984499E-001
    1.185357    0.000000    0.000000   11.811235  -4.6077093780E-001
    1.227691    0.000000    0.000000   11.853570  -4.5890430128E-001
    1.270025    0.000000    0.000000   11.895904  -4.5668344968E-001
    1.312359    0.000000    0.000000   11.938238  -4.5418722542E-001
    1.354694    0.000000    0.000000   11.980572  -4.5148214949E-001
    1.397028    0.000000    0.000000   12.022906  -4.4862447767E-001
    1.439362    0.000000    0.000000   12.065240  -4.4566181716E-001
    1.481696    0.000000    0.000000   12.107575  -4.4263430821E-001
    1.524030    0.000000    0.000000   12.149909  -4.3957596889E-001
    1.566365    0.000000    0.000000   12.192243  -4.3651547576E-001
    1.608699    0.000000    0.000000   12.234577  -4.3347704860E-001
    1.651033    0.000000    0.000000   12.276911  -4.3048112403E-001
    1.693367    0.000000    0.000000   12.319245  -4.2754486144E-001
    1.735701    0.000000    0.000000   12.361580  -4.2468271766E-001
    1.778035    0.000000    0.000000   12.403914  -4.2190679014E-001
    1.820370    0.000000    0.000000   12.446248  -4.1922727434E-001
    1.862704    0.000000    0.000000   12.488582  -4.1665258290E-001
    1.905038    0.000000    0.000000   12.530916  -4.1418985979E-001
    1.947372    0.000000    0.000000   12.573251  -4.1184497370E-001
    1.989706    0.000000    0.000000   12.615585  -4.0962281224E-001
    2.032040    0.000000    0.000000   12.657919  -4.0752739192E-001
    2.074375    0.000000    0.000000   12.700253  -4.0556208460E-001
    2.116709    0.000000    0.000000   12.742587  -4.0372958363E-001
    2.159043    0.000000    0.000000   12.784921  -4.0203215119E-001
    2.201377    0.000000    0.000000   12.827256  -4.0047162165E-001
    2.243711    0.000000    0.000000   12.869590  -3.9904944266E-001
    2.286046    0.000000    0.000000   12.911924  -3.9776681111E-001
    2.328380    0.000000    0.000000   12.954258  -3.9662468819E-001
    2.370714    0.000000    0.000000   12.996592  -3.9562382029E-001
    2.413048    0.000000    0.000000   13.038926  -3.9476477116E-001
    2.455382    0.000000    0.000000   13.081261  -3.9404800145E-001
    2.497716    0.000000    0.000000   13.123595  -3.9347386926E-001
    2.540051    0.000000    0.000000   13.165929  -3.9304262148E-001
    2.582385    0.000000    0.000000   13.208263  -3.9275441535E-001
    2.624719    0.000000    0.000000   13.250597  -3.9260936877E-001
    2.667053    0.000000    0.000000   13.292932  -3.9260753217E-001
    2.709387    0.000000    0.000000   13.335266  -3.9274889460E-001
    2.751721    0.000000    0.000000   13.377600  -3.9303338383E-001
    2.794056    0.000000    0.000000   13.419934  -3.9346086010E-001
    2.836390    0.000000    0.000000   13.462268  -3.9403114422E-001
    2.878724    0.000000    0.000000   13.504602  -3.9474396727E-001
    2.921058    0.000000    0.000000   13.546937  -3.9559894905E-001
    2.963392    0.000000    0.000000   13.589271  -3.9659560635E-001
    3.005727    0.000000    0.000000   13.631605  -3.9773335331E-001
    3.048061    0.000000    0.000000   13.673939  -3.9901142057E-001
    3.090395    0.000000    0.000000   13.716273  -4.0042882420E-001
    3.132729    0.000000    0.000000   13.758607  -4.0198434424E-001
    3.175063    0.000000    0.000000   13.800942  -4.0367650960E-001
    3.217397    0.000000    0.000000   13.843276  -4.0550346250E-001
    3.259732    0.000000    0.000000   13.885610  -4.0746291680E-001
    3.302066    0.000000    0.000000   13.927944  -4.0955215516E-001
    3.344400    0.000000    0.000000   13.970278  -4.1176778149E-001
    3.386734    0.000000    0.000000   14.012613  -4.1410575476E-001
    3.429068    0.000000    0.000000   14.054947  -4.1656116259E-001
    3.471403    0.000000    0.000000   14.097281  -4.1912811136E-001
    3.513737    0.000000    0.000000   14.139615  -4.2179943211E-001
    3.556071    0.000000    0.000000   14.181949  -4.2456668711E-001
    3.598405    0.000000    0.000000   14.224283  -4.2741965554E-001
    3.640739    0.000000    0.000000   14.266618  -4.3034621486E-001
    3.683073    0.000000    0.000000   14.308952  -4.3333188309E-001
    3.725408    0.000000    0.000000   14.351286  -4.3635947578E-001
    3.767742    0.000000    0.000000   14.393620  -4.3940853167E-001
    3.810076    0.000000    0.000000   14.435954  -4.4245480656E-001
    3.852410    0.000000    0.000000   14.478288  -4.4546959978E-001
    3.894744    0.000000    0.000000   14.520623  -4.4841886974E-001
    3.937078    0.000000    0.000000   14.562957  -4.5126245304E-001
    3.979413    0.000000    0.000000   14.605291  -4.5395272031E-001
    4.021747    0.000000    0.000000   14.647625  -4.5643339374E-001
    4.064081    0.000000    0.000000   14.689959  -4.5863793122E-001
    4.106415    0.000000    0.000000   14.732294  -4.6048746973E-001
    4.148749    0.000000    0.000000   14.774628  -4.6188847495E-001
    4.191084    0.000000    0.000000   14.816962  -4.6272978620E-001
    4.233418    0.000000    0.000000   14.859296  -4.6287874352E-001
    4.275752    0.000000    0.000000   14.901630  -4.6217670855E-001
    4.318086    0.000000    0.000000   14.943964  -4.6043288300E-001
    4.360420    0.000000    0.000000   14.986299  -4.5741664872E-001
    4.402754    0.000000    0.000000   15.028633  -4.5284762648E-001
    4.445089    0.000000    0.000000   15.070967  -4.4638268341E-001
    4.487423    0.000000    0.000000   15.113301  -4.3759877503E-001
    4.529757    0.000000    0.000000   15.155635  -4.2597034698E-001
    4.572091    0.000000    0.000000   15.197969  -4.1083887579E-001
    4.614425    0.000000    0.000000   15.240304  -3.9137185980E-001
    4.656759    0.000000    0.000000   15.282638  -3.6650597073E-001
    4.699094    0.000000    0.000000   15.324972  -3.3486715859E-001
    4.741428    0.000000    0.000000   15.367306  -2.9465540962E-001
    4.783762    0.000000    0.000000   15.409640  -2.4347336145E-001
    4.826096    0.000000    0.000000   15.451975  -1.7806219560E-001
    4.868430    0.000000    0.000000   15.494309  -9.3879789851E-002
    4.910765    0.000000    0.000000   15.536643   1.5602739249E-002
    4.953099    0.000000    0.000000   15.578977   1.6013049791E-001
    4.995433    0.000000    0.000000   15.621311   3.5494111528E-001
    5.037767    0.000000    0.000000   15.663645   6.2529758994E-001
    5.080101    0.000000    0.000000   15.705980   1.0164230879E+000
    5.122435    0.000000    0.000000   15.748314   1.6182934104E+000
    5.164770    0.000000    0.000000   15.790648   2.6400303034E+000
    5.207104    0.000000    0.000000   15.832982   4.7076036887E+000
    5.249438    0.000000    0.000000   15.875316   1.0947352160E+001
    5.291772    0.000000    0.000000   15.917651   9.9834413344E+002
    5.334106    0.000000    0.000000   15.959985   1.0948688799E+001
    5.376440    0.000000    0.000000   16.002319   4.7102850270E+000
    5.418775    0.000000    0.000000   16.044653   2.6440711324E+000
    5.461109    0.000000    0.000000   16.086987   1.6237137678E+000
    5.503443    0.000000    0.000000   16.129321   1.0232469746E+000
    5.545777    0.000000    0.000000   16.171656   6.3355170602E-001
    5.588111    0.000000    0.000000   16.213990   3.6465367279E-001
    5.630446    0.000000    0.000000   16.256324   1.7133019218E-001
    5.672780    0.000000    0.000000   16.298658   2.8317950194E-002
    5.715114    0.000000    0.000000   16.340992  -7.9621545196E-002
    5.757448    0.000000    0.000000   16.383326  -1.6223469882E-001
    5.799782    0.000000    0.000000   16.425661  -2.2605197028E-001
    5.842116    0.000000    0.000000   16.467995  -2.7561720208E-001
    5.884451    0.000000    0.000000   16.510329  -3.1419097890E-001
    5.926785    0.000000    0.000000   16.552663  -3.4417237693E-001
    5.969119    0.000000    0.000000   16.594997  -3.6736295129E-001
    6.011453    0.000000    0.000000   16.637332  -3.8513811642E-001
    6.053787    0.000000    0.000000   16.679666  -3.9856230923E-001
    6.096121    0.000000    0.000000   16.722000  -4.0846887550E-001
    6.138456    0.000000    0.000000   16.764334  -4.1551689703E-001
    6.180790    0.000000    0.000000   16.806668  -4.2023224623E-001
    6.223124    0.000000    0.000000   16.849002  -4.2303805739E-001
    6.265458    0.000000    0.000000   16.891337  -4.2427730722E-001
    6.307792    0.000000    0.000000   16.933671  -4.2423005162E-001
    6.350127    0.000000    0.000000   16.976005  -4.2312641490E-001
    6.392461    0.000000    0.000000   17.018339  -4.2115654208E-001
    6.434795    0.000000    0.000000   17.060673  -4.1847832632E-001
    6.477129    0.000000    0.000000   17.103007  -4.1522358108E-001
    6.519463    0.000000    0.000000   17.145342  -4.1150252752E-001
    6.561797    0.000000    0.000000   17.187676  -4.0740769465E-001
    6.604132    0.000000    0.000000   17.230010  -4.0301691843E-001
    6.646466    0.000000    0.000000   17.272344  -3.9839564370E-001
    6.688800    0.000000    0.000000   17.314678  -3.9359902235E-001
    6.731134    0.000000    0.000000   17.357013  -3.8867354277E-001
    6.773468    0.000000    0.000000   17.399347  -3.8365818226E-001
    6.815802    0.000000    0.000000   17.441681  -3.7858580022E-001
    6.858137    0.000000    0.000000   17.484015  -3.7348385563E-001
    6.900471    0.000000    0.000000   17.526349  -3.6837538271E-001
    6.942805    0.000000    0.000000   17.568683  -3.6327957038E-001
    6.985139    0.000000    0.000000   17.611018  -3.5821233162E-001
    7.027473    0.000000    0.000000   17.653352  -3.5318682234E-001
    7.069808    0.000000    0.000000   17.695686  -3.4821386757E-001
    7.112142    0.000000    0.000000   17.738020  -3.4330231175E-001
    7.154476    0.000000    0.000000   17.780354  -3.3845922028E-001
    7.196810    0.000000    0.000000   17.822688  -3.3369034849E-001
    7.239144    0.000000    0.000000   17.865023  -3.2900015193E-001
    7.281478    0.000000    0.000000   17.907357  -3.2439207435E-001
    7.323813    0.000000    0.000000   17.949691  -3.1986865600E-001
    7.366147    0.000000    0.000000   17.992025  -3.1543176534E-001
    7.408481    0.000000    0.000000   18.034359  -3.1108257079E-001
    7.450815    0.000000    0.000000   18.076694  -3.0682173841E-001
    7.493149    0.000000    0.000000   18.119028  -3.0264951910E-001
    7.535483    0.000000    0.000000   18.161362  -2.9856572737E-001
    7.577818    0.000000    0.000000   18.203696  -2.9456990970E-001
    7.620152    0.000000    0.000000   18.246030  -2.9066132418E-001
    7.662486    0.000000    0.000000   18.288364  -2.8683901802E-001
    7.704820    0.000000    0.000000   18.330699  -2.8310183126E-001
    7.747154    0.000000    0.000000   18.373033  -2.7944847124E-001
    7.789489    0.000000    0.000000   18.415367  -2.7587752680E-001
    7.831823    0.000000    0.000000   18.457701  -2.7238748902E-001
    7.874157    0.000000    0.000000   18.500035  -2.6897674084E-001
    7.916491    0.000000    0.000000   18.542369  -2.6564364420E-001
    7.958825    0.000000    0.000000   18.584704  -2.6238648143E-001
    8.001159    0.000000    0.000000   18.627038  -2.5920353126E-001
    8.043494    0.000000    0.000000   18.669372  -2.5609302069E-001
    8.085828    0.000000    0.000000   18.711706  -2.5305318871E-001
    8.128162    0.000000    0.000000   18.754040  -2.5008226316E-001
    8.170496    0.000000    0.000000   18.796375  -2.4717849324E-001
    8.212830    0.000000    0.000000   18.838709  -2.4434011788E-001
    8.255164    0.000000    0.000000   18.881043  -2.4156539754E-001
    8.297499    0.000000    0.000000   18.923377  -2.3885262564E-001
    8.339833    0.000000    0.000000   18.965711  -2.3620012634E-001
    8.382167    0.000000    0.000000   19.008045  -2.3360622267E-001
    8.424501    0.000000    0.000000   19.050380  -2.3106929589E-001
    8.466835    0.000000    0.000000   19.092714  -2.2858774997E-001
    8.509170    0.000000    0.000000   19.135048  -2.2616004221E-001
    8.551504    0.000000    0.000000   19.177382  -2.2378462715E-001
    8.593838    0.000000    0.000000   19.219716  -2.2146003583E-001
    8.636172    0.000000    0.000000   19.262050  -2.1918482285E-001
    8.678506    0.000000    0.000000   19.304385  -2.1695758024E-001
    8.720840    0.000000    0.000000   19.346719  -2.1477693927E-001
    8.763175    0.000000    0.000000   19.389053  -2.1264157521E-001
    8.805509    0.000000    0.000000   19.431387  -2.1055019333E-001
    8.847843    0.000000    0.000000   19.473721  -2.0850154004E-001
    8.890177    0.000000    0.000000   19.516056  -2.0649439243E-001
    8.932511    0.000000    0.000000   19.558390  -2.0452759255E-001
    8.974845    0.000000    0.000000   19.600724  -2.0259998453E-001
    9.017180    0.000000    0.000000   19.643058  -2.0071046761E-001
    9.059514    0.000000    0.000000   19.685392  -1.9885795963E-001
    9.101848    0.000000    0.000000   19.727726  -1.9704144725E-001
    9.144182    0.000000    0.000000   19.770061  -1.9525991369E-001
    9.186516    0.000000    0.000000   19.812395  -1.9351238751E-001
    9.228851    0.000000    0.000000   19.854729  -1.9179793156E-001
    9.271185    0.000000    0.000000   19.897063  -1.9011563606E-001
    9.313519    0.000000    0.000000   19.939397  -1.8846461704E-001
    9.355853    0.000000    0.000000   19.981731  -1.8684401956E-001
    9.398187    0.000000    0.000000   20.024066  -1.8525303480E-001
    9.440521    0.000000    0.000000   20.066400  -1.8369086242E-001
    9.482856    0.000000    0.000000   20.108734  -1.8215671718E-001
    9.525190    0.000000    0.000000   20.151068  -1.8064986490E-001
    9.567524    0.000000    0.000000   20.193402  -1.7916959546E-001
    9.609858    0.000000    0.000000   20.235737  -1.7771519330E-001
    9.652192    0.000000    0.000000   20.278071  -1.7628598938E-001
    9.694527    0.000000    0.000000   20.320405  -1.7488133510E-001
    9.736861    0.000000    0.000000   20.362739  -1.7350058627E-001
    9.779195    0.000000    0.000000   20.405073  -1.7214314418E-001
    9.821529    0.000000    0.000000   20.447407  -1.7080841493E-001
    9.863863    0.000000    0.000000   20.489742  -1.6949581421E-001
    9.906197    0.000000    0.000000   20.532076  -1.6820479523E-001
    9.948532    0.000000    0.000000   20.574410  -1.6693482166E-001
    9.990866    0.000000    0.000000   20.616744  -1.6568537518E-001
   10.033200    0.000000    0.000000   20.659078  -1.6445594789E-001
   10.075534    0.000000    0.000000   20.701412  -1.6324604877E-001
   10.117868    0.000000    0.000000   20.743747  -1.6205521090E-001
   10.160202    0.000000    0.000000   20.786081  -1.6088297084E-001
   10.202537    0.000000    0.000000   20.828415  -1.5972888737E-001
   10.244871    0.000000    0.000000   20.870749  -1.5859253318E-001
   10.287205    0.000000    0.000000   20.913083  -1.5747348460E-001
   10.329539    0.000000    0.000000   20.955418  -1.5637134273E-001
   10.371873    0.000000    0.000000   20.997752  -1.5528571267E-001
   10.414208    0.000000    0.000000   21.040086  -1.5421621410E-001
   10.456542    0.000000    0.000000   21.082420  -1.5316247982E-001
   10.498876    0.000000    0.000000   21.124754  -1.5212414955E-001
   10.541210    0.000000    0.000000   21.167088  -1.5110087597E-001
