2 0.000042687097
4 0.000052273032
6 0.000018013700
8 0.000024738884
10 0.000041545175
12 0.000049917586
14 0.000054359846
16 0.000056981770
18 0.000058380272
20 0.000059527488
22 0.000060331683
24 0.000060902535
26 0.000061312889
28 0.000061612919
30 0.000061836396
32 0.000062005127
34 0.000062132614
36 0.000062227032
38 0.000062293419
40 0.000062335011
42 0.000062353866
44 0.000062351219
46 0.000062327941
48 0.000062285170
50 0.000062224813
52 0.000062149619
54 0.000062062886
56 0.000061968004
58 0.000061868040
60 0.000061765475
