O-E+
#
9
1 0
46.41420906 -4.53843822e-01
13.200000000000005 0.0 0.0
2 0
12.82009150 -1.44172583e+00
13.200000000000005 0.0 0.0
3 0
0.65095422 -1.81376469e+02
13.200000000000005 0.0 0.0
4 0
0.14114676 -1.91280953e+00
13.200000000000005 0.0 0.0
5 0
3.92017972 -2.36171629e+00
13.200000000000005 0.0 0.0
6 0
0.64654745 1.80304960e+02
13.200000000000005 0.0 0.0
7 0
0.02618658 -6.55456258e-01
13.200000000000005 0.0 0.0
8 0
0.00031264 -1.67239234e-01
13.200000000000005 0.0 0.0
9 0
0.00424134 -2.89237369e-01
13.200000000000005 0.0 0.0
