2.0 -0.428971501261 -0.272887224124
2.2 -0.427432027204 -0.277487092296
2.4 -0.425698280075 -0.283062794427
2.6 -0.423852308106 -0.289235866888
2.8 -0.421952316603 -0.295487042031
3.0 -0.420027784148 -0.301334402520
3.2 -0.418081749127 -0.306463723118
3.4 -0.416104974080 -0.310755141813
3.6 -0.414087779458 -0.314231712083
3.8 -0.412021165098 -0.316987755242
4.0 -0.409891855612 -0.319134983669
4.2 -0.407679124647 -0.320774283960
4.4 -0.405356623115 -0.321985984676
4.6 -0.402897401639 -0.322829663845
4.8 -0.400278779283 -0.323347591713
5.0 -0.397485070190 -0.323568954608
5.2 -0.394508077213 -0.323513818039
5.4 -0.391346237008 -0.323196561427
5.6 -0.388003316540 -0.322628729623
5.8 -0.384487173126 -0.321821260858
6.0 -0.380808733671 -0.320786052798
6.2 -0.376981167081 -0.319536869318
6.4 -0.373019183884 -0.318089653836
6.6 -0.368938421893 -0.316462369856
6.8 -0.364754909760 -0.314674517768
7.0 -0.360484617923 -0.312746477177
7.2 -0.356143107169 -0.310698803779
7.4 -0.351745276583 -0.308551578794
7.6 -0.347305202530 -0.306323874814
7.8 -0.342836053287 -0.304033369901
8.0 -0.338350061036 -0.301696115053
8.2 -0.333858533555 -0.299326440617
8.4 -0.329371890671 -0.296936975106
8.6 -0.324899714029 -0.294538744841
8.8 -0.320450802154 -0.292141323106
9.0 -0.316033225663 -0.289753001545
9.2 -0.311654379656 -0.287380962530
9.4 -0.307321031833 -0.285031437894
9.6 -0.303039365870 -0.282709845515
9.8 -0.298815020174 -0.280420900606
10.0 -0.294653122422 -0.278168702283
10.2 -0.290558320447 -0.275956798634
10.4 -0.286534810018 -0.273788234783
10.6 -0.282586360074 -0.271667145561
10.8 -0.278716335843 -0.269592491990
11.0 -0.274927720264 -0.267567624607
11.2 -0.271223134009 -0.265593875456
11.4 -0.267604854356 -0.263672206913
11.6 -0.264074833097 -0.261803235976
11.8 -0.260634713614 -0.259987260378
12.0 -0.257285847202 -0.258224286138
12.2 -0.254029308722 -0.256514056279
12.4 -0.250865911595 -0.254856080018
12.6 -0.247796222176 -0.253249661977
12.8 -0.244820573509 -0.251693930734
13.0 -0.241939078481 -0.250187866281
13.2 -0.239151642391 -0.248730325992
13.4 -0.236457974936 -0.247320068748
13.6 -0.233857601658 -0.245955777103
13.8 -0.231349874871 -0.244636077272
14.0 -0.228933984107 -0.243359556958
14.2 -0.226608966136 -0.242124780979
14.4 -0.224373714603 -0.240930304797
14.6 -0.222226989330 -0.239774686031
14.8 -0.220167425353 -0.238656494074
15.0 -0.218193541729 -0.237574318039
15.2 -0.216303750174 -0.236526773106
15.4 -0.214496363563 -0.235512505547
15.6 -0.212769604343 -0.234530196541
15.8 -0.211121612873 -0.233578564990
16.0 -0.209550455718 -0.232656369497
16.2 -0.208054133896 -0.231762409622
16.4 -0.206630591088 -0.230895526610
16.6 -0.205277721799 -0.230054603629
16.8 -0.203993379440 -0.229238565747
17.0 -0.202775384321 -0.228446379514
17.2 -0.201621531525 -0.227677052459
17.4 -0.200529598606 -0.226930119510
17.6 -0.199497353106 -0.226203678862
17.8 -0.198522559825 -0.225497357868
18.0 -0.197602987825 -0.224810320036
18.2 -0.196736417120 -0.224141765454
18.4 -0.195920645024 -0.223490929801
18.6 -0.195153492126 -0.222857083237
18.8 -0.194432807869 -0.222239529358
19.0 -0.193756475706 -0.221637604055
19.2 -0.193122417827 -0.221050674435
19.4 -0.192528599439 -0.220478137626
19.6 -0.191973032600 -0.219919419738
19.8 -0.191453779600 -0.219373974643
20.0 -0.190968955905 -0.218841282872
20.2 -0.190516732655 -0.218320850488
20.4 -0.190095338751 -0.217812207905
20.6 -0.189703062525 -0.217314908859
20.8 -0.189338253026 -0.216828529251
21.0 -0.188999320936 -0.216352666096
21.2 -0.188684739136 -0.215886936467
21.4 -0.188393042958 -0.215430976478
21.6 -0.188122830126 -0.214984440291
21.8 -0.187872760430 -0.214546999168
22.0 -0.187641555149 -0.214118340508
22.2 -0.187427996249 -0.213698167030
22.4 -0.187230925375 -0.213286195871
22.6 -0.187049242673 -0.212882157796
22.8 -0.186881905450 -0.212485796416
23.0 -0.186727926702 -0.212096867495
23.2 -0.186586373529 -0.211715138185
23.4 -0.186456365457 -0.211340386433
23.6 -0.186337072679 -0.210972400362
23.8 -0.186227714244 -0.210610977579
24.0 -0.186127556196 -0.210255924898
24.2 -0.186035909687 -0.209907057440
24.4 -0.185952129069 -0.209564198428
24.6 -0.185875609990 -0.209227178654
24.8 -0.185805787487 -0.208895836035
25.0 -0.185742134100 -0.208570015247
25.2 -0.185684158009 -0.208249567328
25.4 -0.185631401198 -0.207934349334
25.6 -0.185583437666 -0.207624224012
25.8 -0.185539871673 -0.207319059493
26.0 -0.185500336037 -0.207018729006
26.2 -0.185464490484 -0.206723110612
26.4 -0.185432020052 -0.206432086948
26.6 -0.185402633553 -0.206145544993
26.8 -0.185376062092 -0.205863375850
27.0 -0.185352057651 -0.205585474538
27.2 -0.185330391729 -0.205311739791
27.4 -0.185310854052 -0.205042073889
27.6 -0.185293251333 -0.204776382475
27.8 -0.185277406107 -0.204514574403
28.0 -0.185263155611 -0.204256561574
28.2 -0.185250350738 -0.204002258809
28.4 -0.185238855044 -0.203751583702
28.6 -0.185228543802 -0.203504456505
28.8 -0.185219303130 -0.203260800003
29.0 -0.185211029158 -0.203020539398
29.2 -0.185203627247 -0.202783602202
29.4 -0.185197011267 -0.202549918160
29.6 -0.185191102914 -0.202319419113
29.8 -0.185185831076 -0.202092038942
30.0 -0.185181131239 -0.201867713479
30.2 -0.185176944940 -0.201646380424
30.4 -0.185173219252 -0.201427979265
30.6 -0.185169906314 -0.201212451207
30.8 -0.185166962887 -0.200999739107
31.0 -0.185164349954 -0.200789787403
31.2 -0.185162032340 -0.200582542056
31.4 -0.185159978365 -0.200377950492
31.6 -0.185158159534 -0.200175961595
31.8 -0.185156550233 -0.199976525554
32.0 -0.185155127469 -0.199779593875
32.2 -0.185153870621 -0.199585119336
32.4 -0.185152761210 -0.199393055973
32.6 -0.185151782698 -0.199203358948
32.8 -0.185150920298 -0.199015984531
33.0 -0.185150160800 -0.198830890167
33.2 -0.185149492416 -0.198648034349
33.4 -0.185148904638 -0.198467376563
33.6 -0.185148388107 -0.198288877201
33.8 -0.185147934494 -0.198112497790
34.0 -0.185147536398 -0.197938200716
34.2 -0.185147187246 -0.197765949190
34.4 -0.185146881206 -0.197595707348
34.6 -0.185146613110 -0.197427440168
34.8 -0.185146378382 -0.197261113444
35.0 -0.185146172973 -0.197096693762
35.2 -0.185145993305 -0.196934148477
35.4 -0.185145836218 -0.196773445688
35.6 -0.185145698925 -0.196614554220
35.8 -0.185145578970 -0.196457443598
36.0 -0.185145474188 -0.196302084030
36.2 -0.185145382677 -0.196148446388
36.4 -0.185145302764 -0.195996502185
36.6 -0.185145232979 -0.195846326470
36.8 -0.185145172032 -0.195697826086
37.0 -0.185145118793 -0.195550928585
37.2 -0.185145072271 -0.195405608162
37.4 -0.185145031599 -0.195261839567
37.6 -0.185144996019 -0.195119598088
37.8 -0.185144964867 -0.194978859537
38.0 -0.185144937565 -0.194839600237
38.2 -0.185144913607 -0.194701797009
38.4 -0.185144892553 -0.194565427156
38.6 -0.185144874018 -0.194430468456
38.8 -0.185144857669 -0.194296899143
39.0 -0.185144843215 -0.194164697924
39.2 -0.185144830402 -0.194033843871
39.4 -0.185144819011 -0.193904316555
39.6 -0.185144808850 -0.193776095935
39.8 -0.185144799755 -0.193649162388
40.0 -0.185144791581 -0.193523496676
40.2 -0.185144784203 -0.193399079875
40.4 -0.185144777514 -0.193276145054
40.6 -0.185144771421 -0.193154166769
40.8 -0.185144765842 -0.193033383006
41.0 -0.185144760708 -0.192913776436
41.2 -0.185144755958 -0.192795329981
41.4 -0.185144751541 -0.192678026893
41.6 -0.185144747412 -0.192561850745
41.8 -0.185144743533 -0.192446785425
42.0 -0.185144739869 -0.192332815125
42.2 -0.185144736393 -0.192219924341
42.4 -0.185144733080 -0.192108097853
42.6 -0.185144729909 -0.191997320731
42.8 -0.185144726863 -0.191887578323
43.0 -0.185144723927 -0.191778856248
43.2 -0.185144721087 -0.191671140390
43.4 -0.185144718332 -0.191564416891
43.6 -0.185144715655 -0.191458672149
43.8 -0.185144713046 -0.191353892805
44.0 -0.185144710499 -0.191250065746
44.2 -0.185144708009 -0.191147178117
44.4 -0.185144705573 -0.191045217218
44.6 -0.185144703185 -0.190944170653
44.8 -0.185144700844 -0.190844026218
45.0 -0.185144698548 -0.190744771927
45.2 -0.185144696293 -0.190646395966
45.4 -0.185144694081 -0.190548886877
45.6 -0.185144691908 -0.190452233180
45.8 -0.185144689776 -0.190356423740
46.0 -0.185144687683 -0.190261447579
46.2 -0.185144685629 -0.190167293908
46.4 -0.185144683615 -0.190073952121
46.6 -0.185144681641 -0.189981411793
46.8 -0.185144679706 -0.189889662679
47.0 -0.185144677813 -0.189798694703
47.2 -0.185144675960 -0.189708497960
47.4 -0.185144674148 -0.189619062713
47.6 -0.185144672378 -0.189530379383
47.8 -0.185144670651 -0.189442438555
48.0 -0.185144668966 -0.189355230966
48.2 -0.185144667325 -0.189268747507
48.4 -0.185144665728 -0.189182979220
48.6 -0.185144664175 -0.189097917291
48.8 -0.185144662667 -0.189013553051
49.0 -0.185144661203 -0.188929877969
49.2 -0.185144659785 -0.188846883657
49.4 -0.185144658411 -0.188764561854
49.6 -0.185144657083 -0.188682904441
49.8 -0.185144655801 -0.188601903337
50.0 -0.185144654564 -0.188521550924
50.2 -0.185144653372 -0.188441839211
50.4 -0.185144652225 -0.188362760658
50.6 -0.185144651123 -0.188284307768
50.8 -0.185144650065 -0.188206473155
51.0 -0.185144649051 -0.188129249549
51.2 -0.185144648081 -0.188052629789
51.4 -0.185144647153 -0.187976606849
51.6 -0.185144646269 -0.187901177320
51.8 -0.185144645425 -0.187826352413
52.0 -0.185144644623 -0.187752102717
52.2 -0.185144643861 -0.187678421613
52.4 -0.185144643138 -0.187605302577
52.6 -0.185144642453 -0.187532739190
52.8 -0.185144641806 -0.187460725135
53.0 -0.185144641195 -0.187389254179
53.2 -0.185144640620 -0.187318320195
53.4 -0.185144640079 -0.187247917144
53.6 -0.185144639572 -0.187178039085
53.8 -0.185144639096 -0.187108680158
54.0 -0.185144638652 -0.187039834595
54.2 -0.185144638237 -0.186971496631
54.4 -0.185144637851 -0.186903660924
54.6 -0.185144637492 -0.186836321703
54.8 -0.185144637160 -0.186769473622
55.0 -0.185144636852 -0.186703111328
55.2 -0.185144636569 -0.186637229543
55.4 -0.185144636308 -0.186571823070
55.6 -0.185144636068 -0.186506886788
55.8 -0.185144635848 -0.186442415652
56.0 -0.185144635648 -0.186378404679
56.2 -0.185144635465 -0.186314848973
56.4 -0.185144635298 -0.186251743690
56.6 -0.185144635147 -0.186189084023
56.8 -0.185144635011 -0.186126865418
57.0 -0.185144634887 -0.186065083098
57.2 -0.185144634776 -0.186003732540
57.4 -0.185144634675 -0.185942809260
57.6 -0.185144634585 -0.185882308765
57.8 -0.185144634503 -0.185822226780
58.0 -0.185144634430 -0.185762558889
58.2 -0.185144634363 -0.185703300868
58.4 -0.185144634303 -0.185644448518
58.6 -0.185144634248 -0.185585997662
58.8 -0.185144634197 -0.185527944302
59.0 -0.185144634150 -0.185470284346
59.2 -0.185144634106 -0.185413013812
59.4 -0.185144634064 -0.185356128789
59.6 -0.185144634023 -0.185299625404
59.8 -0.185144633983 -0.185243499851
60.0 -0.185144633943 -0.185187748349
