2.0 -0.428985318336 -0.272887224126
2.2 -0.427446510324 -0.277487092295
2.4 -0.425713593266 -0.283062794427
2.6 -0.423868596607 -0.289235866898
2.8 -0.421969691188 -0.295487042027
3.0 -0.420046324086 -0.301334402516
3.2 -0.418101517639 -0.306463723115
3.4 -0.416126027339 -0.310755141811
3.6 -0.414110164751 -0.314231712085
3.8 -0.412044920635 -0.316987755243
4.0 -0.409917019376 -0.319134983670
4.2 -0.407705745747 -0.320774283961
4.4 -0.405384767523 -0.321985984677
4.6 -0.402927151266 -0.322829663845
4.8 -0.400310227468 -0.323347591714
5.0 -0.397518316201 -0.323568954608
5.2 -0.394543220808 -0.323513818039
5.4 -0.391383373435 -0.323196561427
5.6 -0.388042532235 -0.322628729623
5.8 -0.384528542340 -0.321821260858
6.0 -0.380852316071 -0.320786052798
6.2 -0.377027006233 -0.319536869318
6.4 -0.373067306444 -0.318089653836
6.6 -0.368988837344 -0.316462369856
6.8 -0.364807610585 -0.314674517768
7.0 -0.360539580126 -0.312746477177
7.2 -0.356200291097 -0.310698803779
7.4 -0.351804627983 -0.308551578794
7.6 -0.347366653792 -0.306323874814
7.8 -0.342899524800 -0.304033369901
8.0 -0.338415462607 -0.301696115053
8.2 -0.333925765840 -0.299326440617
8.4 -0.329440846577 -0.296936975106
8.6 -0.324970280052 -0.294538744841
8.8 -0.320522859644 -0.292141323106
9.0 -0.316106651995 -0.289753001545
9.2 -0.311729049309 -0.287380962530
9.4 -0.307396817372 -0.285031437894
9.6 -0.303116138837 -0.282709845515
9.8 -0.298892651886 -0.280420900606
10.0 -0.294731484691 -0.278168702283
10.2 -0.290637286212 -0.275956798634
10.4 -0.286614253913 -0.273788234783
10.6 -0.282666158921 -0.271667145561
10.8 -0.278796369088 -0.269592491990
11.0 -0.275007870354 -0.267567624607
11.2 -0.271303286718 -0.265593875456
11.4 -0.267684899064 -0.263672206912
11.6 -0.264154663030 -0.261803235976
11.8 -0.260714226042 -0.259987260378
12.0 -0.257364943611 -0.258224286138
12.2 -0.254107894954 -0.256514056279
12.4 -0.250943897961 -0.254856080018
12.6 -0.247873523549 -0.253249661977
12.8 -0.244897109398 -0.251693930734
13.0 -0.242014773093 -0.250187866281
13.2 -0.239226424666 -0.248730325992
13.4 -0.236531778583 -0.247320068748
13.6 -0.233930365169 -0.245955777103
13.8 -0.231421541527 -0.244636077272
14.0 -0.229004501978 -0.243359556958
14.2 -0.226678288063 -0.242124780979
14.4 -0.224441798174 -0.240930304797
14.6 -0.222293796846 -0.239774686031
14.8 -0.220232923781 -0.238656494074
15.0 -0.218257702641 -0.237574318039
15.2 -0.216366549679 -0.236526773106
15.4 -0.214557782224 -0.235512505547
15.6 -0.212829627081 -0.234530196541
15.8 -0.211180228859 -0.233578564990
16.0 -0.209607658245 -0.232656369497
16.2 -0.208109920249 -0.231762409622
16.4 -0.206684962396 -0.230895526610
16.6 -0.205330682868 -0.230054603629
16.8 -0.204044938587 -0.229238565747
17.0 -0.202825553189 -0.228446379514
17.2 -0.201670324890 -0.227677052459
17.4 -0.200577034179 -0.226930119510
17.6 -0.199543451324 -0.226203678862
17.8 -0.198567343642 -0.225497357868
18.0 -0.197646482496 -0.224810320036
18.2 -0.196778649986 -0.224141765454
18.4 -0.195961645292 -0.223490929801
18.6 -0.195193290658 -0.222857083237
18.8 -0.194471436966 -0.222239529358
19.0 -0.193793968903 -0.221637604055
19.2 -0.193158809688 -0.221050674435
19.4 -0.192563925364 -0.220478137626
19.6 -0.192007328635 -0.219919419738
19.8 -0.191487082258 -0.219373974643
20.0 -0.191001301994 -0.218841282872
20.2 -0.190548159120 -0.218320850488
20.4 -0.190125882523 -0.217812207905
20.6 -0.189732760379 -0.217314908859
20.8 -0.189367141456 -0.216828529251
21.0 -0.189027436031 -0.216352666096
21.2 -0.188712116479 -0.215886936467
21.4 -0.188419717522 -0.215430976478
21.6 -0.188148836193 -0.214984440291
21.8 -0.187898131511 -0.214546999168
22.0 -0.187666323920 -0.214118340508
22.2 -0.187452194491 -0.213698167030
22.4 -0.187254583927 -0.213286195871
22.6 -0.187072391394 -0.212882157796
22.8 -0.186904573183 -0.212485796416
23.0 -0.186750141252 -0.212096867495
23.2 -0.186608161647 -0.211715138185
23.4 -0.186477752826 -0.211340386433
23.6 -0.186358083914 -0.210972400362
23.8 -0.186248372889 -0.210610977579
24.0 -0.186147884730 -0.210255924898
24.2 -0.186055929534 -0.209907057440
24.4 -0.185971860616 -0.209564198428
24.6 -0.185895072601 -0.209227178654
24.8 -0.185824999524 -0.208895836035
25.0 -0.185761112949 -0.208570015247
25.2 -0.185702920104 -0.208249567328
25.4 -0.185649962050 -0.207934349334
25.6 -0.185601811893 -0.207624224012
25.8 -0.185558073029 -0.207319059493
26.0 -0.185518377447 -0.207018729006
26.2 -0.185482384073 -0.206723110612
26.4 -0.185449777181 -0.206432086948
26.6 -0.185420264850 -0.206145544993
26.8 -0.185393577487 -0.205863375850
27.0 -0.185369466409 -0.205585474538
27.2 -0.185347702484 -0.205311739791
27.4 -0.185328074835 -0.205042073889
27.6 -0.185310389610 -0.204776382475
27.8 -0.185294468804 -0.204514574403
28.0 -0.185280149149 -0.204256561574
28.2 -0.185267281062 -0.204002258809
28.4 -0.185255727646 -0.203751583702
28.6 -0.185245363758 -0.203504456505
28.8 -0.185236075118 -0.203260800003
29.0 -0.185227757486 -0.203020539398
29.2 -0.185220315880 -0.202783602202
29.4 -0.185213663847 -0.202549918160
29.6 -0.185207722784 -0.202319419113
29.8 -0.185202421299 -0.202092038942
30.0 -0.185197694620 -0.201867713479
30.2 -0.185193484042 -0.201646380423
30.4 -0.185189736419 -0.201427979264
30.6 -0.185186403681 -0.201212451207
30.8 -0.185183442403 -0.200999739106
31.0 -0.185180813390 -0.200789787403
31.2 -0.185178481306 -0.200582542056
31.4 -0.185176414325 -0.200377950491
31.6 -0.185174583814 -0.200175961595
31.8 -0.185172964036 -0.199976525554
32.0 -0.185171531882 -0.199779593874
32.2 -0.185170266627 -0.199585119335
32.4 -0.185169149698 -0.199393055973
32.6 -0.185168164468 -0.199203358948
32.8 -0.185167296072 -0.199015984530
33.0 -0.185166531227 -0.198830890167
33.2 -0.185165858080 -0.198648034349
33.4 -0.185165266063 -0.198467376563
33.6 -0.185164745763 -0.198288877201
33.8 -0.185164288802 -0.198112497790
34.0 -0.185163887736 -0.197938200715
34.2 -0.185163535950 -0.197765949189
34.4 -0.185163227578 -0.197595707348
34.6 -0.185162957419 -0.197427440168
34.8 -0.185162720867 -0.197261113443
35.0 -0.185162513846 -0.197096693761
35.2 -0.185162332757 -0.196934148476
35.4 -0.185162174417 -0.196773445688
35.6 -0.185162036020 -0.196614554220
35.8 -0.185161915094 -0.196457443598
36.0 -0.185161809459 -0.196302084030
36.2 -0.185161717198 -0.196148446387
36.4 -0.185161636627 -0.195996502184
36.6 -0.185161566265 -0.195846326469
36.8 -0.185161504813 -0.195697826086
37.0 -0.185161451131 -0.195550928585
37.2 -0.185161404222 -0.195405608162
37.4 -0.185161363212 -0.195261839567
37.6 -0.185161327337 -0.195119598087
37.8 -0.185161295927 -0.194978859537
38.0 -0.185161268400 -0.194839600237
38.2 -0.185161244247 -0.194701797008
38.4 -0.185161223022 -0.194565427156
38.6 -0.185161204340 -0.194430468455
38.8 -0.185161187862 -0.194296899143
39.0 -0.185161173296 -0.194164697923
39.2 -0.185161160386 -0.194033843870
39.4 -0.185161148911 -0.193904316554
39.6 -0.185161138677 -0.193776095934
39.8 -0.185161129518 -0.193649162387
40.0 -0.185161121289 -0.193523496676
40.2 -0.185161113864 -0.193399079874
40.4 -0.185161107134 -0.193276145054
40.6 -0.185161101005 -0.193154166768
40.8 -0.185161095396 -0.193033383005
41.0 -0.185161090235 -0.192913776436
41.2 -0.185161085463 -0.192795329981
41.4 -0.185161081026 -0.192678026893
41.6 -0.185161076880 -0.192561850745
41.8 -0.185161072986 -0.192446785424
42.0 -0.185161069310 -0.192332815124
42.2 -0.185161065823 -0.192219924338
42.4 -0.185161062501 -0.192108097849
42.6 -0.185161059323 -0.191997320728
42.8 -0.185161056270 -0.191887578320
43.0 -0.185161053328 -0.191778856245
43.2 -0.185161050483 -0.191671140386
43.4 -0.185161047724 -0.191564416888
43.6 -0.185161045043 -0.191458672145
43.8 -0.185161042431 -0.191353892802
44.0 -0.185161039882 -0.191250065742
44.2 -0.185161037390 -0.191147178088
44.4 -0.185161034952 -0.191045217189
44.6 -0.185161032563 -0.190944170623
44.8 -0.185161030221 -0.190844026189
45.0 -0.185161027924 -0.190744771898
45.2 -0.185161025669 -0.190646395974
45.4 -0.185161023456 -0.190548886848
45.6 -0.185161021283 -0.190452233151
45.8 -0.185161019150 -0.190356423711
46.0 -0.185161017057 -0.190261447550
46.2 -0.185161015003 -0.190167293878
46.4 -0.185161012989 -0.190073952091
46.6 -0.185161011015 -0.189981411764
46.8 -0.185161009081 -0.189889662650
47.0 -0.185161007187 -0.189798694673
47.2 -0.185161005335 -0.189708497931
47.4 -0.185161003523 -0.189619062684
47.6 -0.185161001754 -0.189530379354
47.8 -0.185161000027 -0.189442438526
48.0 -0.185160998342 -0.189355230937
48.2 -0.185160996702 -0.189268747477
48.4 -0.185160995105 -0.189182979190
48.6 -0.185160993552 -0.189097917261
48.8 -0.185160992044 -0.189013553021
49.0 -0.185160990580 -0.188929877940
49.2 -0.185160989162 -0.188846883627
49.4 -0.185160987789 -0.188764561825
49.6 -0.185160986461 -0.188682904412
49.8 -0.185160985178 -0.188601903390
50.0 -0.185160983941 -0.188521550895
50.2 -0.185160982749 -0.188441839181
50.4 -0.185160981602 -0.188362760629
50.6 -0.185160980500 -0.188284307739
50.8 -0.185160979442 -0.188206473126
51.0 -0.185160978429 -0.188129249520
51.2 -0.185160977458 -0.188052629766
51.4 -0.185160976531 -0.187976606820
51.6 -0.185160975646 -0.187901177296
51.8 -0.185160974802 -0.187826352383
52.0 -0.185160974000 -0.187752102687
52.2 -0.185160973237 -0.187678421583
52.4 -0.185160972514 -0.187605302547
52.6 -0.185160971829 -0.187532739161
52.8 -0.185160971182 -0.187460725105
53.0 -0.185160970571 -0.187389254149
53.2 -0.185160969995 -0.187318320165
53.4 -0.185160969454 -0.187247917115
53.6 -0.185160968946 -0.187178039056
53.8 -0.185160968470 -0.187108680128
54.0 -0.185160968026 -0.187039834566
54.2 -0.185160967610 -0.186971496686
54.4 -0.185160967224 -0.186903660895
54.6 -0.185160966865 -0.186836321674
54.8 -0.185160966532 -0.186769473592
55.0 -0.185160966224 -0.186703111298
55.2 -0.185160965940 -0.186637229513
55.4 -0.185160965679 -0.186571823040
55.6 -0.185160965439 -0.186506886759
55.8 -0.185160965219 -0.186442415623
56.0 -0.185160965017 -0.186378404649
56.2 -0.185160964834 -0.186314848943
56.4 -0.185160964667 -0.186251743660
56.6 -0.185160964516 -0.186189084043
56.8 -0.185160964379 -0.186126865389
57.0 -0.185160964255 -0.186065083068
57.2 -0.185160964143 -0.186003732516
57.4 -0.185160964042 -0.185942809231
57.6 -0.185160963952 -0.185882308769
57.8 -0.185160963870 -0.185822226750
58.0 -0.185160963796 -0.185762558859
58.2 -0.185160963729 -0.185703300839
58.4 -0.185160963669 -0.185644448489
58.6 -0.185160963613 -0.185585997666
58.8 -0.185160963562 -0.185527944286
59.0 -0.185160963515 -0.185470284317
59.2 -0.185160963470 -0.185413013782
59.4 -0.185160963428 -0.185356128760
59.6 -0.185160963387 -0.185299625379
59.8 -0.185160963347 -0.185243499821
60.0 -0.185160963307 -0.185187748319
