O-E+
#
75
1 0
0.00100000 -4.85261216e-04
0.0 0.0 0.0 
2 0
0.00200000 2.44417831e-03
0.0 0.0 0.0 
3 0
0.00400000 -7.54488737e-03
0.0 0.0 0.0 
4 0
0.00800000 1.57738437e-02
0.0 0.0 0.0 
5 0
0.01600000 -3.71036225e-02
0.0 0.0 0.0 
6 0
0.03200000 5.38567205e-02
0.0 0.0 0.0 
7 0
0.06400000 -1.97756262e-01
0.0 0.0 0.0 
8 0
0.12800000 1.52115096e-01
0.0 0.0 0.0 
9 0
0.25600000 -2.23099311e+00
0.0 0.0 0.0 
10 0
0.51200000 7.15444061e+00
0.0 0.0 0.0 
11 0
1.00000000 -1.64610761e+01
0.0 0.0 0.0 
12 0
2.00000000 1.20067450e+02
0.0 0.0 0.0 
13 0
3.00000000 -1.01044414e+03
0.0 0.0 0.0 
14 0
4.00000000 5.91251755e+03
0.0 0.0 0.0 
15 0
5.00000000 -2.28836471e+04
0.0 0.0 0.0 
16 0
6.00000000 5.83202479e+04
0.0 0.0 0.0 
17 0
7.00000000 -9.67337399e+04
0.0 0.0 0.0 
18 0
8.00000000 1.00515593e+05
0.0 0.0 0.0 
19 0
9.00000000 -5.94929273e+04
0.0 0.0 0.0 
20 0
10.00000000 1.53375181e+04
0.0 0.0 0.0 
21 0
20.00000000 -1.08319453e+02
0.0 0.0 0.0 
22 0
30.00000000 5.87242217e+01
0.0 0.0 0.0 
23 0
40.00000000 -3.39818623e+01
0.0 0.0 0.0 
24 0
50.00000000 1.01503518e+01
0.0 0.0 0.0 
25 0
100.00000000 -2.03970181e-01
0.0 0.0 0.0 
26 0
0.00100000 -4.85261216e-04
2.4 0.0 0.0 
27 0
0.00200000 2.44417831e-03
2.4 0.0 0.0 
28 0
0.00400000 -7.54488737e-03
2.4 0.0 0.0 
29 0
0.00800000 1.57738437e-02
2.4 0.0 0.0 
30 0
0.01600000 -3.71036225e-02
2.4 0.0 0.0 
31 0
0.03200000 5.38567205e-02
2.4 0.0 0.0 
32 0
0.06400000 -1.97756262e-01
2.4 0.0 0.0 
33 0
0.12800000 1.52115096e-01
2.4 0.0 0.0 
34 0
0.25600000 -2.23099311e+00
2.4 0.0 0.0 
35 0
0.51200000 7.15444061e+00
2.4 0.0 0.0 
36 0
1.00000000 -1.64610761e+01
2.4 0.0 0.0 
37 0
2.00000000 1.20067450e+02
2.4 0.0 0.0 
38 0
3.00000000 -1.01044414e+03
2.4 0.0 0.0 
39 0
4.00000000 5.91251755e+03
2.4 0.0 0.0 
40 0
5.00000000 -2.28836471e+04
2.4 0.0 0.0 
41 0
6.00000000 5.83202479e+04
2.4 0.0 0.0 
42 0
7.00000000 -9.67337399e+04
2.4 0.0 0.0 
43 0
8.00000000 1.00515593e+05
2.4 0.0 0.0 
44 0
9.00000000 -5.94929273e+04
2.4 0.0 0.0 
45 0
10.00000000 1.53375181e+04
2.4 0.0 0.0 
46 0
20.00000000 -1.08319453e+02
2.4 0.0 0.0 
47 0
30.00000000 5.87242217e+01
2.4 0.0 0.0 
48 0
40.00000000 -3.39818623e+01
2.4 0.0 0.0 
49 0
50.00000000 1.01503518e+01
2.4 0.0 0.0 
50 0
100.00000000 -2.03970181e-01
2.4 0.0 0.0 
51 0
0.00100000 -4.85261216e-04
1.2 2.078 0.0 
52 0
0.00200000 2.44417831e-03
1.2 2.078 0.0 
53 0
0.00400000 -7.54488737e-03
1.2 2.078 0.0 
54 0
0.00800000 1.57738437e-02
1.2 2.078 0.0 
55 0
0.01600000 -3.71036225e-02
1.2 2.078 0.0 
56 0
0.03200000 5.38567205e-02
1.2 2.078 0.0 
57 0
0.06400000 -1.97756262e-01
1.2 2.078 0.0 
58 0
0.12800000 1.52115096e-01
1.2 2.078 0.0 
59 0
0.25600000 -2.23099311e+00
1.2 2.078 0.0 
60 0
0.51200000 7.15444061e+00
1.2 2.078 0.0 
61 0
1.00000000 -1.64610761e+01
1.2 2.078 0.0 
62 0
2.00000000 1.20067450e+02
1.2 2.078 0.0 
63 0
3.00000000 -1.01044414e+03
1.2 2.078 0.0 
64 0
4.00000000 5.91251755e+03
1.2 2.078 0.0 
65 0
5.00000000 -2.28836471e+04
1.2 2.078 0.0 
66 0
6.00000000 5.83202479e+04
1.2 2.078 0.0 
67 0
7.00000000 -9.67337399e+04
1.2 2.078 0.0 
68 0
8.00000000 1.00515593e+05
1.2 2.078 0.0 
69 0
9.00000000 -5.94929273e+04
1.2 2.078 0.0 
70 0
10.00000000 1.53375181e+04
1.2 2.078 0.0 
71 0
20.00000000 -1.08319453e+02
1.2 2.078 0.0 
72 0
30.00000000 5.87242217e+01
1.2 2.078 0.0 
73 0
40.00000000 -3.39818623e+01
1.2 2.078 0.0 
74 0
50.00000000 1.01503518e+01
1.2 2.078 0.0 
75 0
100.00000000 -2.03970181e-01
1.2 2.078 0.0 
