0.04 -0.0003352502130071766
0.08 -0.0013410003511273028
0.12 -0.0030172506622812762
0.16 -0.005364000257558838
0.2 -0.008381245467148355
0.24 -0.01206897434032529
0.28 -0.016427155497454982
0.32 -0.02145571818992534
0.36 -0.027154519762964686
0.4 -0.03352329603734278
0.44 -0.04056158944573055
0.48 -0.048268649094646655
0.52 -0.056643296270682805
0.56 -0.06568374829875223
0.6 -0.07538739310445826
0.64 -0.08575050636668217
0.68 -0.0967679028154338
0.72 -0.10843251309289384
0.76 -0.12073487773404208
0.8 -0.1336625503390176
0.84 -0.14719940303213128
0.88 -0.1613248289897338
0.92 -0.1760128393574589
0.96 -0.19123105548146294
1.0 -0.2069396022838071
1.04 -0.22308991506502174
1.08 -0.23962348025318592
1.12 -0.25647054083519816
1.16 -0.2735488095162823
1.2 -0.29076224703258596
1.24 -0.307999979249746
1.28 -0.3251354441766744
1.32 -0.3420258778664607
1.36 -0.358512264921177
1.4000000000000001 -0.3744198929313382
1.44 -0.38955965799267084
1.48 -0.40373026716525956
1.52 -0.41672146960337336
1.56 -0.4283184171281954
1.6 -0.43830720358203284
1.6400000000000001 -0.4464815577545822
1.68 -0.452650566332862
1.72 -0.45664718357243506
1.76 -0.45833714974726397
1.8 -0.4576278024558326
1.84 -0.454476140402301
1.8800000000000001 -0.44889540983836174
1.92 -0.4409594535913096
1.96 -0.43080411475311137
2.0 -0.4186251389905127
2.04 -0.40467227661711996
2.08 -0.3892396362889477
2.12 -0.37265275380959095
2.16 -0.3552532588472267
2.2 -0.3373823812720396
2.24 -0.3193647658240409
2.2800000000000002 -0.30149409996299026
2.32 -0.2840218755720547
2.36 -0.26715021367235564
2.4 -0.2510291416315501
2.44 -0.2357581209853462
2.48 -0.22139109354072858
2.52 -0.2079439442415255
2.56 -0.1954031325203774
2.6 -0.18373432547154553
2.64 -0.17289012782657479
2.68 -0.1628163606713962
2.72 -0.15345669993061056
2.7600000000000002 -0.14475577257292746
2.8000000000000003 -0.13666098483182654
2.84 -0.12912342199547602
2.88 -0.12209814031286655
2.92 -0.11554410597628913
2.96 -0.10942395791566563
3.0 -0.10370370239016538
3.04 -0.09835239736054592
3.08 -0.09334185335906636
3.12 -0.08864636054221528
3.16 -0.08424244355092203
3.2 -0.08010864257793805
3.24 -0.07622531806775795
3.2800000000000002 -0.07257447639768305
3.3200000000000003 -0.06913961410476341
3.36 -0.06590557850124176
3.4 -0.06285844278684405
3.44 -0.059985394002166265
3.48 -0.05727463237278997
3.52 -0.054715280771890584
3.56 -0.05229730318367175
3.6 -0.05001143118427069
3.64 -0.04784909757367561
3.68 -0.045802376394095214
3.72 -0.043863928659185064
3.7600000000000002 -0.04202695319632574
3.8000000000000003 -0.0402851420722677
3.84 -0.03863264013219764
3.88 -0.03706400823474439
3.92 -0.0355741898115824
3.96 -0.03415848042092118
4.0 -0.0328125
4.04 -0.031532167553342406
4.08 -0.030313678041495
4.12 -0.02915348125973354
4.16 -0.028048262518162875
4.2 -0.026994924954108622
4.24 -0.025990573324997546
4.28 -0.025032499145309417
4.32 -0.024118167044883624
4.36 -0.023245202238076756
4.4 -0.022411379004166378
4.44 -0.02161461008913282
4.48 -0.02085293694765852
4.5200000000000005 -0.020124520751979538
4.5600000000000005 -0.019427634101209342
4.6000000000000005 -0.018760653371021393
4.64 -0.01812205164920308
4.68 -0.01751039220765054
4.72 -0.016924322465923073
4.76 -0.016362568405571647
4.8 -0.01582392939814815
4.84 -0.015307273413131879
4.88 -0.014811532575016573
4.92 -0.014335699041518112
4.96 -0.01387882117732028
5.0 -0.01344
5.04 -0.013018385876788496
5.08 -0.012613175452651356
5.12 -0.012223608791828156
5.16 -0.011848966716477284
5.2 -0.011488568327439514
5.24 -0.011141768693377678
5.28 -0.010807956695682089
5.32 -0.010486553017562397
5.36 -0.0101770082666865
5.4 -0.009878801221584332
5.44 -0.009591437192816774
5.48 -0.0093144464906247
5.5200000000000005 -0.009047382991426213
5.5600000000000005 -0.008789822796127694
5.6000000000000005 -0.00854136297376093
5.64 -0.008301620384459408
5.68 -0.008070230576245627
5.72 -0.007846846750522177
5.76 -0.007631138791545212
5.8 -0.00742279235551358
5.84 -0.007221508015232353
5.88 -0.007027000456608869
5.92 -0.0068389977235146825
5.96 -0.006657240507800125
6.0 -0.006481481481481482
6.04 -0.0063114846683357175
6.08 -0.0061470248523357715
6.12 -0.0059878870205422215
6.16 -0.0058338658382357305
6.2 -0.005684765154230386
6.24 -0.005540397534451926
6.28 -0.005400583821997771
6.32 -0.005265152722018729
6.36 -0.0051339404098760585
6.4 -0.005006790161132812
6.44 -0.004883552002035974
6.48 -0.004764082379236271
6.5200000000000005 -0.004648243847576296
6.5600000000000005 -0.004535904774855338
6.6000000000000005 -0.004426939062551383
6.640000000000001 -0.004321225881547726
6.68 -0.004218649421973804
6.72 -0.004119098656327611
6.76 -0.004022467115100843
6.8 -0.003928652674177753
6.84 -0.0038375573533253045
6.88 -0.0037490871251353915
6.92 -0.0036631517338202046
6.96 -0.003579664523299373
7.0 -0.003498542274052478
7.04 -0.0034197050482431615
7.08 -0.0033430760426514695
7.12 -0.0032685814489794842
7.16 -0.003196150321121764
7.2 -0.003125714449016918
7.24 -0.003057208238719707
7.28 -0.0029905685983547254
7.32 -0.0029257348296329025
7.36 -0.002862648524630951
7.4 -0.0028012534675516134
7.44 -0.0027414955411990665
7.48 -0.002683322637919371
7.5200000000000005 -0.0026266845747703587
7.5600000000000005 -0.0025715330126989617
7.6000000000000005 -0.0025178213795167314
7.640000000000001 -0.002465504796476247
7.68 -0.0024145400082623523
7.72 -0.0023648853162226376
7.76 -0.0023165005146715246
7.8 -0.0022693468301115097
7.84 -0.0022233868632239
7.88 -0.0021785845334895207
7.92 -0.0021349050263075736
7.96 -0.002092314742488063
8.0 -0.00205078125
8.040000000000001 -0.0020102732378639997
8.08 -0.0019707604720839004
8.120000000000001 -0.0019322137535176948
8.16 -0.0018946048775934374
8.2 -0.001857906595780748
8.24 -0.0018220925787333462
8.28 -0.001787137381022463
8.32 -0.0017530164073851797
8.36 -0.0017197058804157724
8.4 -0.0016871828096317889
8.44 -0.0016554249618502181
8.48 -0.0016244108328123466
8.52 -0.0015941196199991362
8.56 -0.0015645311965818386
8.6 -0.0015356260864554563
8.64 -0.0015073854403052265
8.68 -0.0014797910126588887
8.72 -0.0014528251398797972
8.76 -0.0014264707190582426
8.8 -0.0014007111877603986
8.84 -0.001375530504596391
8.88 -0.0013509131305708012
8.92 -0.0013268440111807898
8.96 -0.0013033085592286575
9.0 -0.0012802926383173297
9.040000000000001 -0.001257782546998721
9.08 -0.0012357650035464377
9.120000000000001 -0.0012142271313255839
9.16 -0.001193156444733802
9.200000000000001 -0.001172540835688837
9.24 -0.0011523685606391566
9.28 -0.0011326282280751925
9.32 -0.0011133087865198843
9.36 -0.0010943995129781587
9.4 -0.001075890001825939
9.44 -0.001057770154120192
9.48 -0.0010400301673123414
9.52 -0.001022660525348228
9.56 -0.0010056519891385193
9.6 -0.0009889955873842594
9.64 -0.0009726826077428827
9.68 -0.0009567045883207424
9.72 -0.0009410533094787697
9.76 -0.0009257207859385358
9.8 -0.000910699259176509
9.84 -0.000895981190094882
9.88 -0.0008815592519578205
9.92 -0.0008674263235825175
9.96 -0.0008535754827748593
10.0 -0.00084
10.040000000000001 -0.0008266933322785182
10.08 -0.000813649117299281
10.120000000000001 -0.0008008611677404803
10.16 -0.0007883234657907098
10.200000000000001 -0.0007760301578622717
10.24 -0.0007639755494892597
10.28 -0.0007521541004032594
10.32 -0.0007405604197798303
10.36 -0.0007291892616492124
10.4 -0.0007180355204649696
10.44 -0.0007070942268245677
10.48 -0.0006963605433361049
10.52 -0.0006858297606256869
10.56 -0.0006754972934801306
10.6 -0.0006653586771199375
10.64 -0.0006554095635976498
10.68 -0.0006456457183169353
10.72 -0.0006360630166679063
10.76 -0.0006266574407743915
10.8 -0.0006174250763490208
10.84 -0.0006083621096521838
10.88 -0.0005994648245510484
10.92 -0.0005907295996750077
10.96 -0.0005821529056640437
11.0 -0.0005737313025066594
11.040000000000001 -0.0005654614369641383
11.08 -0.0005573400400780458
11.120000000000001 -0.0005493639247579809
11.16 -0.0005415299834467292
11.200000000000001 -0.0005338351858600581
11.24 -0.0005262765767985193
11.28 -0.000518851274028713
11.32 -0.000511556466231577
11.36 -0.0005043894110153517
11.4 -0.0004973474329909594
11.44 -0.000490427921907636
11.48 -0.0004836283308467167
11.52 -0.00047694617447157576
11.56 -0.0004703790273317789
11.6 -0.0004639245222195987
11.64 -0.0004575803485770912
11.68 -0.0004513442509520221
11.72 -0.00044521402750097533
11.76 -0.0004391875285380543
11.8 -0.00043326265512763043
11.84 -0.00042743735771966766
11.88 -0.0004217096348261872
11.92 -0.0004160775317375078
11.96 -0.00041053913927692915
12.0 -0.00040509259259259264
12.040000000000001 -0.00039973606998528106
12.08 -0.00039446779177098234
12.120000000000001 -0.0003892860191770667
12.16 -0.0003841890532709857
12.200000000000001 -0.0003791752339204241
12.24 -0.00037424293878388884
12.280000000000001 -0.0003693905823307421
12.32 -0.00036461661488973316
12.36 -0.00035991952172510555
12.4 -0.0003552978221393991
12.44 -0.00035075006860209025
12.48 -0.0003462748459032454
12.52 -0.00034187077033139565
12.56 -0.00033753648887486067
12.6 -0.0003332706784457856
12.64 -0.00032907204512617056
12.68 -0.00032493932343520776
12.72 -0.00032087127561725365
12.76 -0.00031686669094979766
12.8 -0.0003129243850708007
12.84 -0.0003090431993248077
12.88 -0.0003052220001272484
12.92 -0.0003014596783463718
12.96 -0.00029775514870226694
13.0 -0.0002941073491824516
13.040000000000001 -0.0002905152404735185
13.08 -0.00028697780540835514
13.120000000000001 -0.00028349404842845864
13.16 -0.00028006299506089623
13.200000000000001 -0.00027668369140946143
13.24 -0.0002733552036596066
13.280000000000001 -0.0002700766175967329
13.32 -0.0002668470381374423
13.36 -0.00026366558887336273
13.4 -0.00026053141162717445
13.44 -0.0002574436660204757
13.48 -0.00025440152905313596
13.52 -0.0002514041946938027
13.56 -0.0002484508734812289
13.6 -0.00024554079213610957
13.64 -0.00024267319318311528
13.68 -0.00023984733458283153
13.72 -0.0002370624893733104
13.76 -0.00023431794532096197
13.8 -0.00023161300458051108
13.84 -0.0002289469833637628
13.88 -0.0002263192116169197
13.92 -0.00022372903270621083
13.96 -0.00022117580311159006
14.0 -0.00021865889212827988
14.040000000000001 -0.00021617768157593248
14.08 -0.0002137315655151976
14.120000000000001 -0.0002113199499714842
14.16 -0.00020894225266571685
14.200000000000001 -0.00020659790275188793
14.24 -0.00020428634056121776
14.280000000000001 -0.0002020070173527363
14.32 -0.00019975939507011026
14.36 -0.00019754294610453956
14.4 -0.0001953571530635574
14.44 -0.00019320150854557075
14.48 -0.00019107551491998168
14.52 -0.00018897868411273927
14.56 -0.00018691053739717034
14.6 -0.00018487060518994824
14.64 -0.0001828584268520564
14.68 -0.00018087355049461486
14.72 -0.00017891553278943443
14.76 -0.00017698393878417423
14.8 -0.00017507834172197584
14.84 -0.00017319832286545643
14.88 -0.00017134347132494166
14.92 -0.00016951338389082791
14.96 -0.0001677076648699607
15.0 -0.00016592592592592592
15.040000000000001 -0.00016416778592314742
15.08 -0.00016243287077469232
15.120000000000001 -0.0001607208132936851
15.16 -0.00015903125304823684
15.200000000000001 -0.0001573638362197957
15.24 -0.00015571821546483158
15.280000000000001 -0.00015409404977976543
15.32 -0.00015249100436906136
15.36 -0.00015090875051639702
15.4 -0.0001493469654588347
15.44 -0.00014780533226391485
15.48 -0.0001462835397095961
15.52 -0.00014478128216697029
15.56 -0.00014329825948567972
15.6 -0.00014183417688196936
15.64 -0.0001403887448293049
15.68 -0.00013896167895149374
15.72 -0.00013755269991824295
15.76 -0.00013616153334309504
15.8 -0.00013478790968367944
15.84 -0.00013343156414422335
15.88 -0.0001320922365802632
15.92 -0.00013076967140550393
15.96 -0.00012946361750077031
16.0 -0.000128173828125
16.04 -0.0001269000608282259
16.080000000000002 -0.00012564207736649998
16.12 -0.0001243996436187105
16.16 -0.00012317252950524378
16.2 -0.0001219605089084486
16.240000000000002 -0.00012076335959485592
16.28 -0.00011958086313911333
16.32 -0.00011841280484958984
16.36 -0.000117258973695613
16.4 -0.00011611916223629675
16.44 -0.00011499316655092223
16.48 -0.00011388078617083414
16.52 -0.00011278182401281512
16.56 -0.00011169608631390394
16.6 -0.00011062338256762178
16.64 -0.00010956352546157373
16.68 -0.00010851633081639133
16.72 -0.00010748161752598577
16.76 -0.00010645920749907954
16.8 -0.0001054489256019868
16.84 -0.00010445059960261188
16.88 -0.00010346406011563863
16.92 -0.00010248914054888151
16.96 -0.00010152567705077166
17.0 -0.00010057350845895045
17.04 -9.963247624994601e-05
17.080000000000002 -9.87024244899063e-05
17.12 -9.778319978636491e-05
17.16 -9.68746512410145e-05
17.2 -9.597663040346602e-05
17.240000000000002 -9.508899122596975e-05
17.28 -9.421159001907666e-05
17.32 -9.334428540821761e-05
17.36 -9.248693829118055e-05
17.400000000000002 -9.163941179646391e-05
17.44 -9.080157124248733e-05
17.48 -8.997328409763871e-05
17.52 -8.915441994114016e-05
17.56 -8.83448504247131e-05
17.6 -8.754444923502491e-05
17.64 -8.67530920568996e-05
17.68 -8.597065653727443e-05
17.72 -8.519702224988696e-05
17.76 -8.443207066067507e-05
17.8 -8.367568509387478e-05
17.84 -8.292775069879936e-05
17.88 -8.218815441728551e-05
17.92 -8.14567849517911e-05
17.96 -8.073353273413061e-05
18.0 -8.00182898948331e-05
18.04 -7.931095023311025e-05
18.080000000000002 -7.861140918742007e-05
18.12 -7.791956380661378e-05
18.16 -7.723531272165235e-05
18.2 -7.6558556117881e-05
18.240000000000002 -7.588919570784899e-05
18.28 -7.522713470466313e-05
18.32 -7.457227779586262e-05
18.36 -7.392453111780522e-05
18.400000000000002 -7.328380223055232e-05
18.44 -7.265000009324327e-05
18.48 -7.202303503994729e-05
18.52 -7.140281875598362e-05
18.56 -7.078926425469953e-05
18.6 -7.01822858546961e-05
18.64 -6.958179915749277e-05
18.68 -6.89877210256204e-05
18.72 -6.839996956113492e-05
18.76 -6.781846408454145e-05
18.8 -6.724312511412119e-05
18.84 -6.667387434565151e-05
18.88 -6.6110634632512e-05
18.92 -6.555332996616759e-05
18.96 -6.500188545702134e-05
19.0 -6.445622731562834e-05
19.04 -6.391628283426424e-05
19.080000000000002 -6.338198036884022e-05
19.12 -6.285324932115746e-05
19.16 -6.233002012149383e-05
19.2 -6.181222421151621e-05
19.240000000000002 -6.129979402751157e-05
19.28 -6.079266298393017e-05
19.32 -6.029076545723426e-05
19.36 -5.97940367700464e-05
19.400000000000002 -5.930241317559099e-05
19.44 -5.881583184242311e-05
19.48 -5.8334230839438284e-05
19.52 -5.785754912115849e-05
19.56 -5.738572651328765e-05
19.6 -5.691870369853181e-05
19.64 -5.645642220267861e-05
19.68 -5.5998824380930126e-05
19.72 -5.554585340448496e-05
19.76 -5.509745324736378e-05
19.8 -5.465356867347387e-05
19.84 -5.421414522390734e-05
19.88 -5.377912920446899e-05
19.92 -5.334846767342871e-05
19.96 -5.292210842949435e-05
20.0 -5.25e-05
20.04 -5.208209162930621e-05
20.080000000000002 -5.1668333267407385e-05
20.12 -5.125867555874255e-05
20.16 -5.0853069831205064e-05
20.2 -5.045146808534786e-05
20.240000000000002 -5.005382298378002e-05
20.28 -4.966008784075113e-05
20.32 -4.927021661191936e-05
20.36 -4.888416388430023e-05
20.400000000000002 -4.850188486639198e-05
20.44 -4.812333537847463e-05
20.48 -4.774847184307873e-05
20.52 -4.7377251275621035e-05
20.56 -4.700963127520371e-05
20.6 -4.664557001557366e-05
20.64 -4.628502623623939e-05
20.68 -4.5927959233741675e-05
20.72 -4.5574328853075773e-05
20.76 -4.522409547926177e-05
20.8 -4.48772200290606e-05
20.84 -4.4533663942832464e-05
20.88 -4.419338917653548e-05
20.92 -4.385635819386145e-05
20.96 -4.3522533958506555e-05
21.0 -4.3191879926573805e-05
21.04 -4.286436003910543e-05
21.080000000000002 -4.2539938714742284e-05
21.12 -4.221858084250816e-05
21.16 -4.190025177471627e-05
21.2 -4.158491731999609e-05
21.240000000000002 -4.127254373643789e-05
21.28 -4.096309772485311e-05
21.32 -4.0656546422147924e-05
21.36 -4.0352857394808454e-05
21.400000000000002 -4.0051998632495057e-05
21.44 -3.975393854174414e-05
21.48 -3.945864593977487e-05
21.52 -3.9166090048399466e-05
21.56 -3.8876240488034866e-05
21.6 -3.85890672718138e-05
21.64 -3.830454079979373e-05
21.68 -3.802263185326149e-05
21.72 -3.7743311589132196e-05
21.76 -3.7466551534440524e-05
21.8 -3.719232358092282e-05
21.84 -3.692059997968798e-05
21.88 -3.665135333597609e-05
21.92 -3.638455660400273e-05
21.96 -3.612018308188768e-05
22.0 -3.5858206406666215e-05
22.04 -3.5598600549381824e-05
22.080000000000002 -3.5341339810258646e-05
22.12 -3.508639881395238e-05
22.16 -3.4833752504877865e-05
22.2 -3.4583376142612524e-05
22.240000000000002 -3.4335245297373806e-05
22.28 -3.40893358455697e-05
22.32 -3.384562396542058e-05
22.36 -3.360408613265153e-05
22.400000000000002 -3.336469911625363e-05
22.44 -3.3127439974313225e-05
22.48 -3.289228604990746e-05
22.52 -3.2659214967065626e-05
22.56 -3.242820462679456e-05
22.6 -3.219923320316726e-05
22.64 -3.1972279139473565e-05
22.68 -3.174732114443164e-05
22.72 -3.152433818845948e-05
22.76 -3.130330950000516e-05
22.8 -3.108421456193496e-05
22.84 -3.086703310797805e-05
22.88 -3.065174511922725e-05
22.92 -3.043833082069441e-05
22.96 -3.0226770677919795e-05
23.0 -3.0017045393634243e-05
23.04 -2.9809135904473485e-05
23.080000000000002 -2.9603023377743495e-05
23.12 -2.9398689208236183e-05
23.16 -2.9196115015094287e-05
23.2 -2.899528263872492e-05
23.240000000000002 -2.8796174137760774e-05
23.28 -2.85987717860682e-05
23.32 -2.8403058069801296e-05
23.36 -2.820901568450138e-05
23.400000000000002 -2.8016627532240843e-05
23.44 -2.7825876718810958e-05
23.48 -2.7636746550952416e-05
23.52 -2.7449220533628395e-05
23.56 -2.7263282367339047e-05
23.6 -2.7078915945476902e-05
23.64 -2.6896105351722475e-05
23.68 -2.671483485747923e-05
23.72 -2.6535088919347538e-05
23.76 -2.63568521766367e-05
23.8 -2.618010944891463e-05
23.84 -2.6004845733594238e-05
23.88 -2.5831046203556335e-05
23.92 -2.5658696204808072e-05
23.96 -2.5487781254176595e-05
24.0 -2.531828703703704e-05
24.04 -2.5150199405074634e-05
24.080000000000002 -2.4983504374080066e-05
24.12 -2.4818188121777784e-05
24.16 -2.4654236985686397e-05
24.2 -2.449163746101101e-05
24.240000000000002 -2.433037619856667e-05
24.28 -2.4170440002732614e-05
24.32 -2.4011815829436607e-05
24.36 -2.3854490784169085e-05
24.400000000000002 -2.3698452120026506e-05
24.44 -2.3543687235783473e-05
24.48 -2.3390183673993053e-05
24.52 -2.3237929119115017e-05
24.560000000000002 -2.308691139567138e-05
24.6 -2.2937118466428972e-05
24.64 -2.2788538430608322e-05
24.68 -2.2641159522118756e-05
24.72 -2.2494970107819097e-05
24.76 -2.2349958685803536e-05
24.8 -2.2206113883712445e-05
24.84 -2.206342445706744e-05
24.88 -2.192187928763064e-05
24.92 -2.1781467381787478e-05
24.96 -2.1642177868952837e-05
25.0 -2.1504e-05
25.04 -2.136692314571223e-05
25.080000000000002 -2.1230936795256438e-05
25.12 -2.109603055467879e-05
25.16 -2.0962194145421616e-05
25.2 -2.08294174028616e-05
25.240000000000002 -2.0697690274868713e-05
25.28 -2.056700282038566e-05
25.32 -2.043734520802738e-05
25.36 -2.0308707714700485e-05
25.400000000000002 -2.0181080724242166e-05
25.44 -2.0054454726078353e-05
25.48 -1.9928820313900713e-05
25.52 -1.9804168184362354e-05
25.560000000000002 -1.9680489135791794e-05
25.6 -1.9557774066925045e-05
25.64 -1.9436013975655345e-05
25.68 -1.931519995780048e-05
25.72 -1.9195323205887277e-05
25.76 -1.9076375007953024e-05
25.8 -1.8958346746363658e-05
25.84 -1.884122989664824e-05
25.88 -1.8725016026349743e-05
25.92 -1.8609696793891684e-05
25.96 -1.849526394746049e-05
26.0 -1.8381709323903226e-05
26.04 -1.8269024847640598e-05
26.080000000000002 -1.8157202529594907e-05
26.12 -1.8046234466132754e-05
26.16 -1.7936112838022196e-05
26.2 -1.7826829909404292e-05
26.240000000000002 -1.7718378026778665e-05
26.28 -1.761074961800299e-05
26.32 -1.7503937191306015e-05
26.36 -1.7397933334314172e-05
26.400000000000002 -1.729273071309134e-05
26.44 -1.7188322071191706e-05
26.48 -1.7084700228725414e-05
26.52 -1.6981858081436925e-05
26.560000000000002 -1.6879788599795805e-05
26.6 -1.6778484828099835e-05
26.64 -1.6677939883590142e-05
26.68 -1.65781469555783e-05
26.72 -1.647909930458517e-05
26.76 -1.6380790261491228e-05
26.8 -1.6283213226698403e-05
26.84 -1.6186361669302993e-05
26.88 -1.609022912627973e-05
26.92 -1.5994809201676694e-05
26.96 -1.5900095565820997e-05
27.0 -1.5806081954534936e-05
27.04 -1.5712762168362668e-05
27.080000000000002 -1.562013007180708e-05
27.12 -1.5528179592576807e-05
27.16 -1.5436904720843143e-05
27.2 -1.5346299508506848e-05
27.240000000000002 -1.5256358068474533e-05
27.28 -1.5167074573944705e-05
27.32 -1.5078443257703026e-05
27.36 -1.499045841142697e-05
27.400000000000002 -1.4903114384999519e-05
27.44 -1.48164055858319e-05
27.48 -1.4730326478195086e-05
27.52 -1.4644871582560123e-05
27.560000000000002 -1.4560035474946981e-05
27.6 -1.4475812786281943e-05
27.64 -1.4392198201763274e-05
27.68 -1.4309186460235174e-05
27.72 -1.4226772353569839e-05
27.76 -1.4144950726057482e-05
27.8 -1.4063716473804314e-05
27.84 -1.3983064544138177e-05
27.88 -1.3902989935021936e-05
27.92 -1.3823487694474379e-05
27.96 -1.3744552919998568e-05
28.0 -1.3666180758017492e-05
28.04 -1.3588366403316991e-05
28.080000000000002 -1.351110509849578e-05
28.12 -1.3434392133422537e-05
28.16 -1.335822284469985e-05
28.2 -1.3282592615135052e-05
28.240000000000002 -1.3207496873217762e-05
28.28 -1.3132931092604083e-05
28.32 -1.3058890791607303e-05
28.36 -1.2985371532695087e-05
28.400000000000002 -1.2912368921992996e-05
28.44 -1.283987860879434e-05
28.48 -1.276789628507611e-05
28.52 -1.2696417685021105e-05
28.560000000000002 -1.2625438584546019e-05
28.6 -1.2554954800835477e-05
28.64 -1.2484962191881891e-05
28.68 -1.2415456656031108e-05
28.72 -1.2346434131533723e-05
28.76 -1.2277890596101995e-05
28.8 -1.2209822066472337e-05
28.84 -1.2142224597973156e-05
28.88 -1.2075094284098172e-05
28.92 -1.2008427256084973e-05
28.96 -1.1942219682498855e-05
29.0 -1.1876467768821728e-05
29.04 -1.1811167757046204e-05
29.080000000000002 -1.1746315925274635e-05
29.12 -1.1681908587323146e-05
29.16 -1.1617942092330492e-05
29.2 -1.1554412824371765e-05
29.240000000000002 -1.1491317202076843e-05
29.28 -1.1428651678253525e-05
29.32 -1.1366412739515255e-05
29.36 -1.1304596905913429e-05
29.400000000000002 -1.1243200730574187e-05
29.44 -1.1182220799339652e-05
29.48 -1.1121653730413499e-05
29.52 -1.106149617401089e-05
29.560000000000002 -1.1001744812012614e-05
29.6 -1.094239635762349e-05
29.64 -1.0883447555034822e-05
29.68 -1.0824895179091027e-05
29.72 -1.0766736034960224e-05
29.76 -1.0708966957808854e-05
29.8 -1.0651584812480198e-05
29.84 -1.0594586493176745e-05
29.88 -1.0537968923146417e-05
29.92 -1.0481729054372543e-05
29.96 -1.0425863867267563e-05
30.0 -1.037037037037037e-05
30.04 -1.0315245600047307e-05
30.080000000000002 -1.0260486620196714e-05
30.12 -1.0206090521957016e-05
30.16 -1.015205442341827e-05
30.2 -1.009837546933715e-05
30.240000000000002 -1.0045050830855319e-05
30.28 -9.992077705221173e-06
30.32 -9.939453315514803e-06
30.36 -9.887174910376305e-06
30.400000000000002 -9.835239763737232e-06
30.44 -9.783645174555266e-06
30.48 -9.732388466551974e-06
30.52 -9.68146698795367e-06
30.560000000000002 -9.630878111235339e-06
30.6 -9.580619232867553e-06
30.64 -9.530687773066335e-06
30.68 -9.481081175545992e-06
30.72 -9.431796907274814e-06
30.76 -9.382832458233622e-06
30.8 -9.334185341177168e-06
30.84 -9.28585309139826e-06
30.88 -9.237833266494678e-06
30.92 -9.19012344613877e-06
30.96 -9.142721231849756e-06
31.0 -9.095624246768618e-06
31.04 -9.048830135435643e-06
31.080000000000002 -9.002336563570519e-06
31.12 -8.956141217854983e-06
31.16 -8.910241805717935e-06
31.2 -8.864636055123085e-06
31.240000000000002 -8.81932171435899e-06
31.28 -8.774296551831556e-06
31.32 -8.729558355858858e-06
31.36 -8.685104934468359e-06
31.400000000000002 -8.640934115196432e-06
31.44 -8.597043744890185e-06
31.48 -8.553431689511516e-06
31.52 -8.51009583394344e-06
31.560000000000002 -8.4670340817986e-06
31.6 -8.424244355229965e-06
31.64 -8.381724594743666e-06
31.68 -8.33947275901396e-06
31.720000000000002 -8.297486824700293e-06
31.76 -8.25576478626645e-06
31.8 -8.214304655801695e-06
31.84 -8.173104462843996e-06
31.88 -8.13216225420519e-06
31.92 -8.091476093798145e-06
31.96 -8.05104406246587e-06
32.0 -8.0108642578125e-06
32.04 -7.970934794036237e-06
32.08 -7.931253801764118e-06
32.12 -7.891819427888648e-06
32.160000000000004 -7.852629835406249e-06
32.2 -7.813683203257558e-06
32.24 -7.774977726169406e-06
32.28 -7.736511614498659e-06
32.32 -7.698283094077736e-06
32.36 -7.66029040606187e-06
32.4 -7.622531806778038e-06
32.44 -7.585005567575586e-06
32.480000000000004 -7.547709974678495e-06
32.52 -7.510643329039304e-06
32.56 -7.473803946194583e-06
32.6 -7.437190156122076e-06
32.64 -7.400800303099365e-06
32.68 -7.364632745564108e-06
32.72 -7.328685855975812e-06
32.76 -7.292958020679108e-06
32.8 -7.257447639768547e-06
32.84 -7.222153126954844e-06
32.88 -7.187072909432639e-06
32.92 -7.152205427749616e-06
32.96 -7.1175491356771335e-06
33.0 -7.083102500082215e-06
33.04 -7.048864000800945e-06
33.08 -7.014832130513245e-06
33.12 -6.981005394618996e-06
33.160000000000004 -6.947382311115514e-06
33.2 -6.913961410476361e-06
33.24 -6.880741235531428e-06
33.28 -6.847720341348358e-06
33.32 -6.814897295115221e-06
33.36 -6.782270676024458e-06
33.4 -6.749839075158085e-06
33.44 -6.717601095374111e-06
33.480000000000004 -6.685555351194187e-06
33.52 -6.653700468692471e-06
33.56 -6.622035085385653e-06
33.6 -6.590557850124175e-06
33.64 -6.559267422984622e-06
33.68 -6.528162475163243e-06
33.72 -6.49724168887061e-06
33.76 -6.466503757227415e-06
33.8 -6.43594738416135e-06
33.84 -6.405571284305094e-06
33.88 -6.3753741828954076e-06
33.92 -6.345354815673229e-06
33.96 -6.315511928784902e-06
34.0 -6.285844278684403e-06
34.04 -6.256350632036617e-06
34.08 -6.227029765621626e-06
34.12 -6.1978804662400115e-06
34.160000000000004 -6.1689015306191436e-06
34.2 -6.140091765320485e-06
34.24 -6.111449986647807e-06
34.28 -6.082975020556435e-06
34.32 -6.054665702563407e-06
34.36 -6.026520877658569e-06
34.4 -5.998539400216626e-06
34.44 -5.970720133910086e-06
34.480000000000004 -5.943061951623109e-06
34.52 -5.915563735366295e-06
34.56 -5.888224376192291e-06
34.6 -5.861042774112326e-06
34.64 -5.834017838013601e-06
34.68 -5.807148485577519e-06
34.72 -5.780433643198784e-06
34.76 -5.753872245905313e-06
34.800000000000004 -5.727463237278994e-06
34.84 -5.701205569377263e-06
34.88 -5.675098202655458e-06
34.92 -5.649140105890015e-06
34.96 -5.6233302561024195e-06
35.0 -5.597667638483965e-06
35.04 -5.57215124632126e-06
35.08 -5.5467800809225135e-06
35.12 -5.521553151544569e-06
35.160000000000004 -5.496469475320683e-06
35.2 -5.471528077189057e-06
35.24 -5.446727989822062e-06
35.28 -5.422068253556225e-06
35.32 -5.397547916322898e-06
35.36 -5.373166033579652e-06
35.4 -5.348921668242353e-06
35.44 -5.324813890617935e-06
35.480000000000004 -5.3008417783378466e-06
35.52 -5.277004416292192e-06
35.56 -5.253300896564497e-06
35.6 -5.229730318367174e-06
35.64 -5.206291787977621e-06
35.68 -5.18298441867496e-06
35.72 -5.15980733067742e-06
35.76 -5.136759651080344e-06
35.800000000000004 -5.113840513794821e-06
35.84 -5.091049059486943e-06
35.88 -5.068384435517644e-06
35.92 -5.045845795883163e-06
35.96 -5.023432301156105e-06
36.0 -5.001143118427069e-06
36.04 -4.978977421246882e-06
36.08 -4.956934389569391e-06
36.12 -4.9350132096948314e-06
36.160000000000004 -4.913213074213754e-06
36.2 -4.891533181951529e-06
36.24 -4.869972737913361e-06
36.28 -4.8485309532298815e-06
36.32 -4.827207045103272e-06
36.36 -4.806000236753912e-06
36.4 -4.784909757367563e-06
36.44 -4.763934842043068e-06
36.480000000000004 -4.743074731740562e-06
36.52 -4.7223286732302174e-06
36.56 -4.701695919041446e-06
36.6 -4.681175727412644e-06
36.64 -4.660767362241414e-06
36.68 -4.6404700930352685e-06
36.72 -4.620283194862826e-06
36.76 -4.600205948305476e-06
36.800000000000004 -4.58023763940952e-06
36.84 -4.560377559638792e-06
36.88 -4.540625005827705e-06
36.92 -4.520979280134798e-06
36.96 -4.5014396899967055e-06
37.0 -4.482005548082582e-06
37.04 -4.462676172248976e-06
37.08 -4.44345088549513e-06
37.12 -4.424329015918721e-06
37.160000000000004 -4.405309896672022e-06
37.2 -4.386392865918506e-06
37.24 -4.367577266789836e-06
37.28 -4.348862447343298e-06
37.32 -4.330247760519632e-06
37.36 -4.311732564101275e-06
37.4 -4.293316220670995e-06
37.44 -4.274998097570932e-06
37.480000000000004 -4.256777566862025e-06
37.52 -4.23865400528384e-06
37.56 -4.2206267942147596e-06
37.6 -4.2026953196325744e-06
37.64 -4.184858972075441e-06
37.68 -4.167117146603219e-06
37.72 -4.149469242759164e-06
37.76 -4.131914664532e-06
37.800000000000004 -4.114452820318338e-06
37.84 -4.097083122885474e-06
37.88 -4.079804989334507e-06
37.92 -4.062617841063834e-06
37.96 -4.04552110373298e-06
38.0 -4.028514207226771e-06
38.04 -4.011596585619849e-06
38.08 -3.994767677141515e-06
38.12 -3.9780269241409096e-06
38.160000000000004 -3.961373773052514e-06
38.2 -3.944807674361995e-06
38.24 -3.928328082572341e-06
38.28 -3.911934456170341e-06
38.32 -3.895626257593365e-06
38.36 -3.879402953196461e-06
38.4 -3.863264013219763e-06
38.44 -3.847208911756195e-06
38.480000000000004 -3.831237126719473e-06
38.52 -3.815348139812439e-06
38.56 -3.7995414364956356e-06
38.6 -3.7838165059562194e-06
38.64 -3.7681728410771412e-06
38.68 -3.7526099384066204e-06
38.72 -3.7371272981279e-06
38.76 -3.721724424029282e-06
38.800000000000004 -3.706400823474437e-06
38.84 -3.6911560073730067e-06
38.88 -3.6759894901514442e-06
38.92 -3.6609007897241545e-06
38.96 -3.6458894274648927e-06
39.0 -3.630954928178415e-06
39.04 -3.6160968200724055e-06
39.08 -3.601314634729651e-06
39.12 -3.586607907080478e-06
39.160000000000004 -3.571976175375434e-06
39.2 -3.557418981158238e-06
39.24 -3.5429358692389514e-06
39.28 -3.528526387667413e-06
39.32 -3.51419008770692e-06
39.36 -3.499926523808133e-06
39.4 -3.4857352535832337e-06
39.44 -3.47161583778031e-06
39.480000000000004 -3.457567840257977e-06
39.52 -3.443590827960236e-06
39.56 -3.429684370891542e-06
39.6 -3.415848042092117e-06
39.64 -3.402081417613483e-06
39.68 -3.388384076494209e-06
39.72 -3.3747556007358846e-06
39.76 -3.361195575279312e-06
39.800000000000004 -3.3477035879808986e-06
39.84 -3.3342792295892943e-06
39.88 -3.320922093722196e-06
39.92 -3.307631776843397e-06
39.96 -3.2944078782400273e-06
40.0 -3.28125e-06
40.04 -3.2681577469896607e-06
40.08 -3.255130726831638e-06
40.12 -3.2421685498828936e-06
40.160000000000004 -3.2292708292129616e-06
40.2 -3.2164371805824004e-06
40.24 -3.2036672224214093e-06
40.28 -3.190960575808663e-06
40.32 -3.1783168644503165e-06
40.36 -3.1657357146592087e-06
40.4 -3.1532167553342414e-06
40.44 -3.1407596179399508e-06
40.480000000000004 -3.128363936486251e-06
40.52 -3.1160293475083703e-06
40.56 -3.1037554900469455e-06
40.6 -3.091542005628313e-06
40.64 -3.07938853824496e-06
40.68 -3.06729473433616e-06
40.72 -3.0552602427687643e-06
40.76 -3.04328471481818e-06
40.800000000000004 -3.0313678041494988e-06
40.84 -3.019509166798812e-06
40.88 -3.0077084611546645e-06
40.92 -2.995965347939695e-06
40.96 -2.9842794901924208e-06
41.0 -2.972650553249196e-06
41.04 -2.9610782047263147e-06
41.08 -2.9495621145022826e-06
41.12 -2.938101954700232e-06
41.160000000000004 -2.926697399670498e-06
41.2 -2.9153481259733538e-06
41.24 -2.9040538123618716e-06
41.28 -2.892814139764962e-06
41.32 -2.881628791270542e-06
41.36 -2.8704974521088547e-06
41.4 -2.8594198096359403e-06
41.44 -2.848395553317236e-06
41.480000000000004 -2.8374243747113305e-06
41.52 -2.8265059674538607e-06
41.56 -2.8156400272415304e-06
41.6 -2.8048262518162876e-06
41.64 -2.7940643409496267e-06
41.68 -2.783353996427029e-06
41.72 -2.7726949220325385e-06
41.76 -2.7620868235334676e-06
41.800000000000004 -2.751529408665234e-06
41.84 -2.7410223871163405e-06
41.88 -2.7305654705134575e-06
41.92 -2.7201583724066597e-06
41.96 -2.709800808254775e-06
42.0 -2.699492495410863e-06
42.04 -2.6892331531078166e-06
42.08 -2.6790225024440894e-06
42.12 -2.668860266369538e-06
42.160000000000004 -2.6587461696713928e-06
42.2 -2.6486799389603478e-06
42.24 -2.63866130265676e-06
42.28 -2.6286899909769752e-06
42.32 -2.618765735919767e-06
42.36 -2.608888271252892e-06
42.4 -2.599057332499756e-06
42.44 -2.589272656926195e-06
42.480000000000004 -2.579533983527368e-06
42.52 -2.569841053014767e-06
42.56 -2.5601936078033195e-06
42.6 -2.550591391998617e-06
42.64 -2.5410341513842453e-06
42.68 -2.53152163340922e-06
42.72 -2.5220535871755284e-06
42.76 -2.5126297634257767e-06
42.800000000000004 -2.503249914530941e-06
42.84 -2.4939137944782257e-06
42.88 -2.484621158859009e-06
42.92 -2.4753717648569078e-06
42.96 -2.4661653712359292e-06
43.0 -2.4570017383287298e-06
43.04 -2.4478806280249666e-06
43.08 -2.4388018037597476e-06
43.12 -2.429765030502179e-06
43.160000000000004 -2.4207700747440077e-06
43.2 -2.4118167044883623e-06
43.24 -2.4029046892385743e-06
43.28 -2.3940337999871082e-06
43.32 -2.3852038092045765e-06
43.36 -2.376414490828843e-06
43.4 -2.3676656202542217e-06
43.44 -2.3589569743207622e-06
43.480000000000004 -2.350288331303621e-06
43.52 -2.3416594709025328e-06
43.56 -2.333070174231348e-06
43.6 -2.324520223807676e-06
43.64 -2.3160094035426032e-06
43.68 -2.307537498730499e-06
43.72 -2.2991042960389043e-06
43.76 -2.2907095834985056e-06
43.800000000000004 -2.2823531504931867e-06
43.84 -2.2740347877501707e-06
43.88 -2.265754287330228e-06
43.92 -2.25751144261798e-06
43.96 -2.2493060483122745e-06
44.0 -2.2411379004166384e-06
44.04 -2.2330067962298133e-06
44.08 -2.224912534336364e-06
44.12 -2.2168549145973654e-06
44.160000000000004 -2.2088337381411654e-06
44.2 -2.200848807354225e-06
44.24 -2.1928999258720236e-06
44.28 -2.184986898570052e-06
44.32 -2.1771095315548665e-06
44.36 -2.169267632155224e-06
44.4 -2.1614610089132828e-06
44.44 -2.153689471575877e-06
44.480000000000004 -2.145952831085863e-06
44.52 -2.1382508995735355e-06
44.56 -2.1305834903481064e-06
44.6 -2.1229504178892633e-06
44.64 -2.115351497838786e-06
44.68 -2.1077865469922386e-06
44.72 -2.1002553832907204e-06
44.76 -2.0927578258126907e-06
44.800000000000004 -2.085293694765852e-06
44.84 -2.0778628114791093e-06
44.88 -2.0704649983945765e-06
44.92 -2.0631000790596626e-06
44.96 -2.055767878119216e-06
45.0 -2.0484682213077277e-06
45.04 -2.0412009354416016e-06
45.08 -2.0339658484114853e-06
45.12 -2.02676278917466e-06
45.160000000000004 -2.0195915877474932e-06
45.2 -2.012452075197954e-06
45.24 -2.0053440836381767e-06
45.28 -1.9982674462170978e-06
45.32 -1.9912219971131443e-06
45.36 -1.9842075715269773e-06
45.4 -1.9772240056743e-06
45.44 -1.9702711367787175e-06
45.480000000000004 -1.963348803064652e-06
45.52 -1.9564568437503226e-06
45.56 -1.9495950990407686e-06
45.6 -1.942763410120935e-06
45.64 -1.935961619148812e-06
45.68 -1.929189569248628e-06
45.72 -1.9224471045040936e-06
45.76 -1.9157340699517033e-06
45.800000000000004 -1.9090503115740824e-06
45.84 -1.9023956762934005e-06
45.88 -1.8957700119648155e-06
45.92 -1.8891731673699872e-06
45.96 -1.8826049922106343e-06
46.0 -1.8760653371021402e-06
46.04 -1.8695540535672134e-06
46.08 -1.8630709940295928e-06
46.12 -1.856616011807805e-06
46.160000000000004 -1.8501889611089684e-06
46.2 -1.8437896970226503e-06
46.24 -1.8374180755147614e-06
46.28 -1.8310739534215098e-06
46.32 -1.824757188443393e-06
46.36 -1.8184676391392421e-06
46.4 -1.8122051649203075e-06
46.44 -1.8059696260443971e-06
46.480000000000004 -1.7997608836100484e-06
46.52 -1.793578799550762e-06
46.56 -1.7874232366292625e-06
46.6 -1.7812940584318147e-06
46.64 -1.775191129362581e-06
46.68 -1.7691143146380214e-06
46.72 -1.7630634802813363e-06
46.76 -1.7570384931169524e-06
46.800000000000004 -1.7510392207650527e-06
46.84 -1.7450655316361482e-06
46.88 -1.7391172949256849e-06
46.92 -1.7331943806087026e-06
46.96 -1.727296659434526e-06
47.0 -1.7214240029215026e-06
47.04 -1.7155762833517747e-06
47.08 -1.7097533737660971e-06
47.12 -1.7039551479586905e-06
47.160000000000004 -1.698181480472135e-06
47.2 -1.6924322465923064e-06
47.24 -1.686707322343342e-06
47.28 -1.6810065844826547e-06
47.32 -1.6753299104959775e-06
47.36 -1.6696771785924518e-06
47.4 -1.664048267699747e-06
47.44 -1.6584430574592211e-06
47.480000000000004 -1.6528614282211162e-06
47.52 -1.6473032610397938e-06
47.56 -1.6417684376689983e-06
47.6 -1.6362568405571643e-06
47.64 -1.6307683528427555e-06
47.68 -1.6253028583496399e-06
47.72 -1.6198602415824987e-06
47.76 -1.614440387722271e-06
47.800000000000004 -1.6090431826216308e-06
47.84 -1.6036685128005045e-06
47.88 -1.598316265441609e-06
47.92 -1.5929863283860372e-06
47.96 -1.5876785901288686e-06
48.0 -1.582392939814815e-06
48.04 -1.5771292672338991e-06
48.08 -1.5718874628171646e-06
48.120000000000005 -1.5666674176324175e-06
48.160000000000004 -1.5614690233800041e-06
48.2 -1.5562921723886126e-06
48.24 -1.5511367576111115e-06
48.28 -1.5460026726204187e-06
48.32 -1.5408898116053998e-06
48.36 -1.5357980693667967e-06
48.4 -1.530727341313188e-06
48.44 -1.5256775234569782e-06
48.480000000000004 -1.5206485124104168e-06
48.52 -1.5156402053816485e-06
48.56 -1.5106525001707884e-06
48.6 -1.5056852951660315e-06
48.64 -1.500738489339788e-06
48.68 -1.4958119822448463e-06
48.72 -1.4909056740105678e-06
48.76 -1.4860194653391063e-06
48.800000000000004 -1.4811532575016566e-06
48.84 -1.4763069523347324e-06
48.88 -1.471480452236467e-06
48.92 -1.4666736601629465e-06
48.96 -1.4618864796245658e-06
49.0 -1.457118814682415e-06
49.04 -1.4523705699446886e-06
49.08 -1.4476416505631234e-06
49.120000000000005 -1.4429319622294613e-06
49.160000000000004 -1.4382414111719416e-06
49.2 -1.4335699041518108e-06
49.24 -1.4289173484598659e-06
49.28 -1.4242836519130202e-06
49.32 -1.419668722850892e-06
49.36 -1.4150724701324223e-06
49.4 -1.4104948031325134e-06
49.44 -1.4059356317386936e-06
49.480000000000004 -1.4013948663478053e-06
49.52 -1.396872417862721e-06
49.56 -1.3923681976890752e-06
49.6 -1.3878821177320278e-06
49.64 -1.3834140903930464e-06
49.68 -1.378964028566715e-06
49.72 -1.374531845637562e-06
49.76 -1.370117455476915e-06
49.800000000000004 -1.365720772439775e-06
49.84 -1.3613417113617174e-06
49.88 -1.3569801875558087e-06
49.92 -1.3526361168095523e-06
49.96 -1.3483094153818522e-06
50.0 -1.344e-06
50.04 -1.339707787856683e-06
50.08 -1.3354326966070143e-06
50.120000000000005 -1.3311746443655824e-06
50.160000000000004 -1.3269335497035273e-06
50.2 -1.3227093316456292e-06
50.24 -1.3185019096674245e-06
50.28 -1.3143112036923405e-06
50.32 -1.310137134088851e-06
50.36 -1.3059796216676502e-06
50.4 -1.30183858767885e-06
50.44 -1.2977139538091943e-06
50.480000000000004 -1.2936056421792946e-06
50.52 -1.2895135753408868e-06
50.56 -1.2854376762741038e-06
50.6 -1.2813778683847688e-06
50.64 -1.2773340755017112e-06
50.68 -1.273306221874097e-06
50.72 -1.2692942321687803e-06
50.76 -1.265298031467674e-06
50.800000000000004 -1.2613175452651354e-06
50.84 -1.2573526994653795e-06
50.88 -1.253403420379897e-06
50.92 -1.2494696347249027e-06
50.96 -1.2455512696187945e-06
51.0 -1.2416482525796352e-06
51.04 -1.2377605115226471e-06
51.08 -1.2338879747577292e-06
51.120000000000005 -1.2300305709869872e-06
51.160000000000004 -1.2261882293022866e-06
51.2 -1.2223608791828153e-06
51.24 -1.2185484504926706e-06
51.28 -1.214750873478459e-06
51.32 -1.210968078766914e-06
51.36 -1.20719999736253e-06
51.4 -1.2034465606452148e-06
51.44 -1.1997077003679548e-06
51.480000000000004 -1.1959833486544996e-06
51.52 -1.192273437997064e-06
51.56 -1.1885779012540393e-06
51.6 -1.1848966716477286e-06
51.64 -1.1812296827620928e-06
51.68 -1.177576868540515e-06
51.72 -1.1739381632835777e-06
51.76 -1.170313501646859e-06
51.800000000000004 -1.1667028186387391e-06
51.84 -1.1631060496182302e-06
51.88 -1.15952313029281e-06
51.92 -1.1559539967162807e-06
51.96 -1.152398585286637e-06
52.0 -1.1488568327439516e-06
52.04 -1.1453286761682725e-06
52.08 -1.1418140529775374e-06
52.120000000000005 -1.138312900925502e-06
52.160000000000004 -1.1348251580996817e-06
52.2 -1.1313507629193077e-06
52.24 -1.1278896541332971e-06
52.28 -1.124441770818238e-06
52.32 -1.1210070523763872e-06
52.36 -1.1175854385336824e-06
52.4 -1.1141768693377683e-06
52.44 -1.1107812851560338e-06
52.480000000000004 -1.1073986266736666e-06
52.52 -1.1040288348917196e-06
52.56 -1.1006718511251868e-06
52.6 -1.0973276170010988e-06
52.64 -1.093996074456626e-06
52.68 -1.0906771657371985e-06
52.72 -1.0873708333946358e-06
52.76 -1.0840770202852917e-06
52.800000000000004 -1.0807956695682087e-06
52.84 -1.077526724703291e-06
52.88 -1.0742701294494816e-06
52.92 -1.071025827862958e-06
52.96 -1.0677937642953384e-06
53.0 -1.0645738833918997e-06
53.04 -1.0613661300898078e-06
53.08 -1.0581704496163598e-06
53.120000000000005 -1.0549867874872378e-06
53.160000000000004 -1.0518150895047768e-06
53.2 -1.0486553017562397e-06
53.24 -1.0455073706121082e-06
53.28 -1.0423712427243839e-06
53.32 -1.0392468650248994e-06
53.36 -1.0361341847236438e-06
53.4 -1.0330331493070964e-06
53.44 -1.0299437065365732e-06
53.480000000000004 -1.0268658044465836e-06
53.52 -1.0237993913432017e-06
53.56 -1.0207444158024418e-06
53.6 -1.0177008266686502e-06
53.64 -1.0146685730529072e-06
53.68 -1.011647604331437e-06
53.72 -1.008637870144032e-06
53.76 -1.0056393203924832e-06
53.800000000000004 -1.002651905239026e-06
53.84 -9.996755751047934e-07
53.88 -9.967102806682793e-07
53.92 -9.937559728638123e-07
53.96 -9.908126028800425e-07
54.0 -9.878801221584335e-07
54.04 -9.84958482391769e-07
54.08 -9.820476355226667e-07
54.120000000000005 -9.791475337421015e-07
54.160000000000004 -9.762581294879426e-07
54.2 -9.733793754434939e-07
54.24 -9.705112245360504e-07
54.28 -9.6765362993546e-07
54.32 -9.648065450526964e-07
54.36 -9.61969923538442e-07
54.4 -9.59143719281678e-07
54.44 -9.56327886408286e-07
54.480000000000004 -9.535223792796583e-07
54.52 -9.507271524913177e-07
54.56 -9.479421608715441e-07
54.6 -9.451673594800121e-07
54.64 -9.424027036064391e-07
54.68 -9.396481487692387e-07
54.72 -9.369036507141857e-07
54.76 -9.341691654130883e-07
54.800000000000004 -9.314446490624699e-07
54.84 -9.287300580822609e-07
54.88 -9.260253491144937e-07
54.92 -9.233304790220137e-07
54.96 -9.206454048871929e-07
55.0 -9.179700840106551e-07
55.04 -9.153044739100077e-07
55.08 -9.12648532318583e-07
55.120000000000005 -9.100022171841863e-07
55.160000000000004 -9.07365486667855e-07
55.2 -9.047382991426214e-07
55.24 -9.021206131922872e-07
55.28 -8.995123876102046e-07
55.32 -8.969135813980654e-07
55.36 -8.943241537646984e-07
55.4 -8.917440641248735e-07
55.44 -8.891732720981149e-07
55.480000000000004 -8.866117375075207e-07
55.52 -8.840594203785926e-07
55.56 -8.815162809380692e-07
55.6 -8.789822796127696e-07
55.64 -8.764573770284451e-07
55.68 -8.73941534008636e-07
55.72 -8.714347115735372e-07
55.76 -8.68936870938871e-07
55.800000000000004 -8.664479735147666e-07
55.84 -8.639679809046487e-07
55.88 -8.614968549041293e-07
55.92 -8.590345574999105e-07
55.96 -8.565810508686938e-07
56.0 -8.541362973760933e-07
56.04 -8.517002595755606e-07
56.08 -8.49272900207312e-07
56.120000000000005 -8.468541821972657e-07
56.160000000000004 -8.444440686559863e-07
56.2 -8.420425228776308e-07
56.24 -8.396495083389086e-07
56.28 -8.372649886980428e-07
56.32 -8.348889277937406e-07
56.36 -8.325212896441697e-07
56.4 -8.301620384459408e-07
56.44 -8.278111385730972e-07
56.480000000000004 -8.254685545761101e-07
56.52 -8.231342511808825e-07
56.56 -8.208081932877552e-07
56.6 -8.184903459705233e-07
56.64 -8.161806744754564e-07
56.68 -8.138791442203271e-07
56.72 -8.115857207934429e-07
56.76 -8.093003699526867e-07
56.800000000000004 -8.070230576245622e-07
56.84 -8.047537499032467e-07
56.88 -8.024924130496462e-07
56.92 -8.002390134904616e-07
56.96 -7.979935178172569e-07
57.0 -7.95755892785535e-07
57.04 -7.935261053138191e-07
57.08 -7.913041224827396e-07
57.120000000000005 -7.890899115341262e-07
57.160000000000004 -7.868834398701083e-07
57.2 -7.846846750522173e-07
57.24 -7.824935848004968e-07
57.28 -7.803101369926182e-07
57.32 -7.781342996630021e-07
57.36 -7.759660410019443e-07
57.4 -7.738053293547469e-07
57.44 -7.716521332208577e-07
57.480000000000004 -7.6950642125301e-07
57.52 -7.673681622563747e-07
57.56 -7.652373251877098e-07
57.6 -7.63113879154521e-07
57.64 -7.609977934142258e-07
57.68 -7.588890373733222e-07
57.72 -7.56787580586563e-07
57.76 -7.546933927561357e-07
57.800000000000004 -7.526064437308463e-07
57.84 -7.505267035053108e-07
57.88 -7.484541422191475e-07
57.92 -7.463887301561784e-07
57.96 -7.443304377436328e-07
58.0 -7.42279235551358e-07
58.04 -7.402350942910329e-07
58.08 -7.381979848153878e-07
58.120000000000005 -7.361678781174281e-07
58.160000000000004 -7.341447453296647e-07
58.2 -7.321285577233458e-07
58.24 -7.301192867076966e-07
58.28 -7.281169038291623e-07
58.32 -7.261213807706557e-07
58.36 -7.241326893508099e-07
58.4 -7.221508015232353e-07
58.44 -7.201756893757814e-07
58.480000000000004 -7.182073251298027e-07
58.52 -7.162456811394301e-07
58.56 -7.142907298908453e-07
58.6 -7.123424440015607e-07
58.64 -7.104007962197034e-07
58.68 -7.08465759423304e-07
58.72 -7.065373066195893e-07
58.76 -7.046154109442789e-07
58.800000000000004 -7.027000456608867e-07
58.84 -7.007911841600282e-07
58.88 -6.988887999587282e-07
58.92 -6.96992866699736e-07
58.96 -6.951033581508437e-07
59.0 -6.932202482042088e-07
59.04 -6.913435108756806e-07
59.08 -6.894731203041308e-07
59.120000000000005 -6.876090507507884e-07
59.160000000000004 -6.857512765985795e-07
59.2 -6.838997723514681e-07
59.24 -6.820545126338048e-07
59.28 -6.802154721896764e-07
59.32 -6.783826258822617e-07
59.36 -6.765559486931892e-07
59.4 -6.747354157218998e-07
59.44 -6.72921002185014e-07
59.480000000000004 -6.711126834157009e-07
59.52 -6.693104348630533e-07
59.56 -6.675142320914652e-07
59.6 -6.657240507800123e-07
59.64 -6.639398667218392e-07
59.68 -6.621616558235465e-07
59.72 -6.60389394104585e-07
59.76 -6.586230576966511e-07
59.800000000000004 -6.568626228430867e-07
59.84 -6.55108065898284e-07
59.88 -6.533593633270908e-07
59.92 -6.516164917042227e-07
59.96 -6.498794277136765e-07
60.0 -6.481481481481481e-07
60.04 -6.464226299084544e-07
60.08 -6.447028500029567e-07
60.120000000000005 -6.4298878554699e-07
60.160000000000004 -6.412804137622946e-07
60.2 -6.395777119764498e-07
60.24 -6.378806576223135e-07
60.28 -6.361892282374634e-07
60.32 -6.345034014636419e-07
60.36 -6.328231550462045e-07
60.4 -6.311484668335718e-07
60.44 -6.294793147766837e-07
60.480000000000004 -6.278156769284574e-07
60.52 -6.261575314432507e-07
60.56 -6.245048565763233e-07
60.6 -6.228576306833068e-07
60.64 -6.212158322196752e-07
60.68 -6.195794397402182e-07
60.72 -6.179484318985191e-07
60.76 -6.163227874464343e-07
60.800000000000004 -6.14702485233577e-07
60.84 -6.13087504206804e-07
60.88 -6.114778234097041e-07
60.92 -6.09873421982091e-07
60.96 -6.082742791594984e-07
61.0 -6.066803742726788e-07
61.04 -6.050916867471044e-07
61.08 -6.03508196102472e-07
61.120000000000005 -6.019298819522087e-07
61.160000000000004 -6.003567240029843e-07
61.2 -5.987887020542221e-07
61.24 -5.972257959976152e-07
61.28 -5.956679858166459e-07
61.32 -5.941152515861068e-07
61.36 -5.925675734716245e-07
61.4 -5.910249317291876e-07
61.44 -5.894873067046759e-07
61.480000000000004 -5.879546788333926e-07
61.52 -5.864270286396014e-07
61.56 -5.849043367360621e-07
61.6 -5.83386583823573e-07
61.64 -5.818737506905138e-07
61.68 -5.803658182123913e-07
61.72 -5.78862767351389e-07
61.76 -5.773645791559174e-07
61.800000000000004 -5.758712347601686e-07
61.84 -5.743827153836731e-07
61.88 -5.728990023308583e-07
61.92 -5.714200769906097e-07
61.96 -5.699459208358369e-07
62.0 -5.684765154230386e-07
62.04 -5.670118423918726e-07
62.08 -5.655518834647277e-07
62.120000000000005 -5.640966204462974e-07
62.160000000000004 -5.626460352231574e-07
62.2 -5.612001097633442e-07
62.24 -5.597588261159364e-07
62.28 -5.583221664106393e-07
62.32 -5.568901128573709e-07
62.36 -5.554626477458513e-07
62.4 -5.540397534451928e-07
62.440000000000005 -5.526214124034941e-07
62.480000000000004 -5.512076071474369e-07
62.52 -5.497983202818822e-07
62.56 -5.483935344894722e-07
62.6 -5.469932325302329e-07
62.64 -5.455973972411787e-07
62.68 -5.442060115359198e-07
62.72 -5.428190584042724e-07
62.76 -5.414365209118701e-07
62.800000000000004 -5.40058382199777e-07
62.84 -5.386846254841064e-07
62.88 -5.373152340556365e-07
62.92 -5.359501912794327e-07
62.96 -5.345894805944697e-07
63.0 -5.332330855132568e-07
63.04 -5.31880989621465e-07
63.08 -5.305331765775558e-07
63.120000000000005 -5.291896301124125e-07
63.160000000000004 -5.278503340289749e-07
63.2 -5.265152722018728e-07
63.24 -5.251844285770654e-07
63.28 -5.238577871714791e-07
63.32 -5.225353320726513e-07
63.36 -5.212170474383725e-07
63.4 -5.199029174963325e-07
63.440000000000005 -5.185929265437683e-07
63.480000000000004 -5.172870589471144e-07
63.52 -5.159852991416531e-07
63.56 -5.146876316311692e-07
63.6 -5.133940409876059e-07
63.64 -5.121045118507216e-07
63.68 -5.108190289277497e-07
63.72 -5.095375769930606e-07
63.76 -5.082601408878244e-07
63.800000000000004 -5.069867055196761e-07
63.84 -5.05717255862384e-07
63.88 -5.044517769555172e-07
63.92 -5.031902539041168e-07
63.96 -5.019326718783695e-07
64.0 -5.006790161132813e-07
64.04 -4.994292719083541e-07
64.08 -4.981834246272648e-07
64.12 -4.969414596975435e-07
64.16 -4.957033626102574e-07
64.2 -4.944691189196922e-07
64.24 -4.932387142430405e-07
64.28 -4.920121342600847e-07
64.32000000000001 -4.907893647128905e-07
64.36 -4.895703914054949e-07
64.4 -4.883552002035974e-07
64.44 -4.871437770342578e-07
64.48 -4.859361078855879e-07
64.52 -4.847321788064528e-07
64.56 -4.835319759061662e-07
64.6 -4.823354853541951e-07
64.64 -4.811426933798585e-07
64.68 -4.79953586272035e-07
64.72 -4.787681503788669e-07
64.76 -4.775863721074662e-07
64.8 -4.7640823792362736e-07
64.84 -4.7523373435153386e-07
64.88 -4.740628479734741e-07
64.92 -4.728955654295523e-07
64.96000000000001 -4.7173187341740595e-07
65.0 -4.7057175869192256e-07
65.04 -4.694152080649565e-07
65.08 -4.6826220840505184e-07
65.12 -4.6711274663716144e-07
65.16 -4.659668097423727e-07
65.2 -4.6482438475762975e-07
65.24 -4.636854587754622e-07
65.28 -4.625500189437103e-07
65.32000000000001 -4.6141805246525687e-07
65.36 -4.6028954659775676e-07
65.4 -4.5916448865336804e-07
65.44 -4.5804286599848827e-07
65.48 -4.569246660534867e-07
65.52 -4.5580987629244424e-07
65.56 -4.5469848424288804e-07
65.6 -4.5359047748553417e-07
65.64 -4.5248584365402575e-07
65.68 -4.5138457043467774e-07
65.72 -4.502866455662198e-07
65.76 -4.4919205683953994e-07
65.8 -4.4810079209743405e-07
65.84 -4.47012839234351e-07
65.88 -4.459281861961444e-07
65.92 -4.4484682097982084e-07
65.96000000000001 -4.437687316332943e-07
66.0 -4.4269390625513843e-07
66.04 -4.416223329943403e-07
66.08 -4.405540000500591e-07
66.12 -4.3948889567138027e-07
66.16 -4.384270081570778e-07
66.2 -4.373683258553706e-07
66.24 -4.3631283716368725e-07
66.28 -4.3526053052842575e-07
66.32000000000001 -4.342113944447196e-07
66.36 -4.3316541745620226e-07
66.4 -4.3212258815477256e-07
66.44 -4.310828951803646e-07
66.48 -4.3004632722071427e-07
66.52 -4.2901287301113223e-07
66.56 -4.279825213342724e-07
66.6 -4.269552610199078e-07
66.64 -4.259310809447013e-07
66.68 -4.2490997003198365e-07
66.72 -4.2389191725152864e-07
66.76 -4.228769116193295e-07
66.8 -4.218649421973803e-07
66.84 -4.208559980934531e-07
66.88 -4.1985006846088193e-07
66.92 -4.1884714249834223e-07
66.96000000000001 -4.178472094496367e-07
67.0 -4.168502586034792e-07
67.04 -4.1585627929327946e-07
67.08 -4.148652608969324e-07
67.12 -4.138771928366033e-07
67.16 -4.128920645785201e-07
67.2 -4.1190986563276096e-07
67.24 -4.109305855530483e-07
67.28 -4.099542139365389e-07
67.32000000000001 -4.089807404236199e-07
67.36 -4.0801015469770267e-07
67.4 -4.070424464850175e-07
67.44 -4.060776055544131e-07
67.48 -4.0511562171715237e-07
67.52 -4.041564848267134e-07
67.56 -4.0320018477858786e-07
67.6 -4.022467115100844e-07
67.64 -4.012960550001285e-07
67.68 -4.003482052690684e-07
67.72 -3.9940315237847834e-07
67.76 -3.9846088643096297e-07
67.8 -3.975213975699664e-07
67.84 -3.965846759795768e-07
67.88 -3.9565071188433814e-07
67.92 -3.947194955490564e-07
67.96000000000001 -3.93791017278613e-07
68.0 -3.928652674177752e-07
68.04 -3.919422363510077e-07
68.08 -3.9102191450228855e-07
68.12 -3.9010429233492094e-07
68.16 -3.891893603513516e-07
68.2 -3.8827710909298445e-07
68.24 -3.873675291400007e-07
68.28 -3.864606111111749e-07
68.32000000000001 -3.8555634566369647e-07
68.36 -3.8465472349298887e-07
68.4 -3.837557353325303e-07
68.44 -3.828593719536777e-07
68.48 -3.8196562416548793e-07
68.52 -3.810744828145439e-07
68.56 -3.801859387847772e-07
68.60000000000001 -3.792999829972965e-07
68.64 -3.784166064102129e-07
68.68 -3.775358000184672e-07
68.72 -3.7665755485366056e-07
68.76 -3.757818619838816e-07
68.8 -3.7490871251353914e-07
68.84 -3.7403809758319146e-07
68.88 -3.7317000836938035e-07
68.92 -3.7230443608446233e-07
68.96000000000001 -3.7144137197644433e-07
69.0 -3.705808073288178e-07
69.04 -3.6972273346039345e-07
69.08 -3.688671417251398e-07
69.12 -3.680140235120182e-07
69.16 -3.6716337024482334e-07
69.2 -3.6631517338202036e-07
69.24 -3.6546942441658656e-07
69.28 -3.6462611487585006e-07
69.32000000000001 -3.6378523632133336e-07
69.36 -3.6294678034859495e-07
69.4 -3.6211073858707153e-07
69.44 -3.61277102699924e-07
69.48 -3.6044586438388e-07
69.52 -3.5961701536908207e-07
69.56 -3.5879054741893135e-07
69.60000000000001 -3.5796645232993714e-07
69.64 -3.5714472193156377e-07
69.68 -3.5632534808607896e-07
69.72 -3.555083226884047e-07
69.76 -3.546936376659661e-07
69.8 -3.538812849785443e-07
69.84 -3.530712566181259e-07
69.88 -3.522635446087585e-07
69.92 -3.514581410064012e-07
69.96000000000001 -3.506550378987813e-07
70.0 -3.4985422740524783e-07
70.04 -3.4905570167662665e-07
70.08 -3.4825945289507877e-07
70.12 -3.4746547327395514e-07
70.16 -3.466737550576571e-07
70.2 -3.45884290521492e-07
70.24 -3.4509707197153557e-07
70.28 -3.4431209174448913e-07
70.32000000000001 -3.4352934220754266e-07
70.36 -3.427488157582351e-07
70.4 -3.4197050482431607e-07
70.44 -3.411944018636102e-07
70.48 -3.404204993638789e-07
70.52 -3.3964878984268677e-07
70.56 -3.3887926584726404e-07
70.60000000000001 -3.381119199543746e-07
70.64 -3.373467447701811e-07
70.68 -3.365837329301115e-07
70.72 -3.3582287709872826e-07
70.76 -3.3506416996959493e-07
70.8 -3.3430760426514707e-07
70.84 -3.3355317273656e-07
70.88 -3.328008681636209e-07
70.92 -3.3205068335459843e-07
70.96000000000001 -3.313026111461154e-07
71.0 -3.3055664440302084e-07
71.04 -3.29812776018262e-07
71.08 -3.290709989127598e-07
71.12 -3.2833130603528104e-07
71.16 -3.2759369036231525e-07
71.2 -3.2685814489794836e-07
71.24 -3.2612466267374063e-07
71.28 -3.2539323674860133e-07
71.32000000000001 -3.246638602086684e-07
71.36 -3.23936526167185e-07
71.4 -3.2321122776437804e-07
71.44 -3.2248795816733875e-07
71.48 -3.217667105699005e-07
71.52 -3.210474781925215e-07
71.56 -3.2033025428216375e-07
71.60000000000001 -3.196150321121763e-07
71.64 -3.189018049821769e-07
71.68 -3.1819056621793396e-07
71.72 -3.1748130917125184e-07
71.76 -3.1677402721985274e-07
71.8 -3.1606871376726324e-07
71.84 -3.153653622426977e-07
71.88 -3.146639661009457e-07
71.92 -3.1396451882225656e-07
71.96000000000001 -3.1326701391222777e-07
72.0 -3.125714449016918e-07
72.04 -3.1187780534660354e-07
72.08 -3.1118608882793015e-07
72.12 -3.1049628895153856e-07
72.16 -3.0980839934808693e-07
72.2 -3.0912241367291307e-07
72.24 -3.0843832560592696e-07
72.28 -3.077561288515002e-07
72.32000000000001 -3.0707581713835964e-07
72.36 -3.0639738421947887e-07
72.4 -3.057208238719706e-07
72.44 -3.0504612989698167e-07
72.48 -3.043732961195851e-07
72.52 -3.0370231638867656e-07
72.56 -3.030331845768676e-07
72.60000000000001 -3.0236589458038264e-07
72.64 -3.017004403189545e-07
72.68 -3.010368157357201e-07
72.72 -3.003750147971195e-07
72.76 -2.9971503149279124e-07
72.8 -2.9905685983547266e-07
72.84 -2.984004938608965e-07
72.88 -2.977459276276917e-07
72.92 -2.9709315521728156e-07
72.96000000000001 -2.9644217073378513e-07
73.0 -2.9579296830391717e-07
73.04 -2.951455420768886e-07
73.08 -2.944998862243097e-07
73.12 -2.9385599494009035e-07
73.16 -2.932138624403442e-07
73.2 -2.9257348296329024e-07
73.24 -2.9193485076915765e-07
73.28 -2.912979601400884e-07
73.32000000000001 -2.906628053800428e-07
73.36 -2.900293808147043e-07
73.4 -2.8939768079138366e-07
73.44 -2.8876769967892663e-07
73.48 -2.8813943186761843e-07
73.52 -2.8751287176909225e-07
73.56 -2.868880138162347e-07
73.60000000000001 -2.86264852463095e-07
73.64 -2.856433821847925e-07
73.68 -2.850235974774245e-07
73.72 -2.844054928579768e-07
73.76 -2.8378906286423154e-07
73.8 -2.831743020546788e-07
73.84 -2.825612050084249e-07
73.88 -2.819497663251054e-07
73.92 -2.813399806247941e-07
73.96000000000001 -2.8073184254791656e-07
74.0 -2.801253467551614e-07
74.04 -2.7952048792739194e-07
74.08 -2.78917260765561e-07
74.12 -2.7831565999062223e-07
74.16 -2.7771568034344563e-07
74.2 -2.7711731658473023e-07
74.24 -2.7652056349492005e-07
74.28 -2.759254158741178e-07
74.32000000000001 -2.7533186854200137e-07
74.36 -2.747399163377394e-07
74.4 -2.7414955411990665e-07
74.44 -2.7356077676640217e-07
74.48 -2.7297357917436475e-07
74.52 -2.723879562600919e-07
74.56 -2.7180390295895613e-07
74.60000000000001 -2.7122141422532454e-07
74.64 -2.70640485032477e-07
74.68 -2.700611103725245e-07
74.72 -2.694832852563297e-07
74.76 -2.6890700471342565e-07
74.8 -2.683322637919372e-07
74.84 -2.6775905755850005e-07
74.88 -2.6718738109818327e-07
74.92 -2.6661722951440924e-07
74.96000000000001 -2.660485979288766e-07
75.0 -2.6548148148148147e-07
75.04 -2.6491587533024e-07
75.08 -2.6435177465121194e-07
75.12 -2.6378917463842247e-07
75.16 -2.632280705037875e-07
75.2 -2.626684574770359e-07
75.24 -2.621103308056352e-07
75.28 -2.615536857547151e-07
75.32000000000001 -2.609985176069934e-07
75.36 -2.604448216627012e-07
75.4 -2.5989259323950763e-07
75.44 -2.5934182767244776e-07
75.48 -2.5879252031384703e-07
75.52 -2.5824466653325e-07
75.56 -2.5769826171734556e-07
75.60000000000001 -2.5715330126989615e-07
75.64 -2.5660978061166464e-07
75.68 -2.5606769518034215e-07
75.72 -2.55527040430478e-07
75.76 -2.549878118334067e-07
75.8 -2.54450004877179e-07
75.84 -2.539136150664896e-07
75.88 -2.5337863792260887e-07
75.92 -2.528450689833112e-07
75.96000000000001 -2.5231290380280704e-07
76.0 -2.517821379516732e-07
76.04 -2.512527670167832e-07
76.08 -2.5072478660124056e-07
76.12 -2.5019819232430865e-07
76.16 -2.496729798213447e-07
76.2 -2.491491447437305e-07
76.24 -2.4862668275880685e-07
76.28 -2.481055895498051e-07
76.32000000000001 -2.475858608157821e-07
76.36 -2.470674922715529e-07
76.4 -2.465504796476247e-07
76.44 -2.460348186901323e-07
76.48 -2.455205051607713e-07
76.52 -2.4500753483673466e-07
76.56 -2.444959035106463e-07
76.60000000000001 -2.439856069904981e-07
76.64 -2.434766410995853e-07
76.68 -2.429690016764419e-07
76.72 -2.4246268457477883e-07
76.76 -2.419576856634188e-07
76.8 -2.414540008262352e-07
76.84 -2.409516259620879e-07
76.88 -2.4045055698476216e-07
76.92 -2.399507898229055e-07
76.96000000000001 -2.394523204199671e-07
77.0 -2.389551447341355e-07
77.04 -2.3845925873827745e-07
77.08 -2.379646584198777e-07
77.12 -2.3747133978097722e-07
77.16 -2.3697929883811455e-07
77.2 -2.3648853162226372e-07
77.24 -2.3599903417877653e-07
77.28 -2.3551080256732133e-07
77.32000000000001 -2.3502383286182503e-07
77.36 -2.3453812115041378e-07
77.4 -2.340536635353537e-07
77.44 -2.3357045613299376e-07
77.48 -2.3308849507370618e-07
77.52 -2.3260777650183012e-07
77.56 -2.3212829657561258e-07
77.60000000000001 -2.3165005146715232e-07
77.64 -2.311730373623425e-07
77.68 -2.3069725046081292e-07
77.72 -2.3022268697587532e-07
77.76 -2.2974934313446526e-07
77.8 -2.2927721517708762e-07
77.84 -2.2880629935775966e-07
77.88 -2.2833659194395677e-07
77.92 -2.278680892165558e-07
77.96000000000001 -2.2740078746978142e-07
78.0 -2.2693468301115093e-07
78.04 -2.2646977216141913e-07
78.08 -2.2600605125452535e-07
78.12 -2.255435166375382e-07
78.16 -2.250821646706032e-07
78.2 -2.2462199172688787e-07
78.24 -2.2416299419252987e-07
78.28 -2.2370516846658284e-07
78.32000000000001 -2.2324851096096463e-07
78.36 -2.2279301810040441e-07
78.4 -2.223386863223899e-07
78.44 -2.2188551207711656e-07
78.48 -2.2143349182743446e-07
78.52 -2.2098262204879796e-07
78.56 -2.2053289922921332e-07
78.60000000000001 -2.2008431986918865e-07
78.64 -2.196368804816825e-07
78.68 -2.1919057759205294e-07
78.72 -2.187454077380083e-07
78.76 -2.183013674695556e-07
78.8 -2.178584533489521e-07
78.84 -2.1741666195065418e-07
78.88 -2.1697598986126938e-07
78.92 -2.1653643367950564e-07
78.96000000000001 -2.1609799001612356e-07
79.0 -2.1566065549388718e-07
79.04 -2.1522442674751476e-07
79.08 -2.1478930042363178e-07
79.12 -2.1435527318072136e-07
79.16 -2.1392234168907773e-07
79.2 -2.134905026307573e-07
79.24 -2.1305975269953235e-07
79.28 -2.1263008860084268e-07
79.32000000000001 -2.1220150705174945e-07
79.36 -2.1177400478088805e-07
79.4 -2.1134757852842105e-07
79.44 -2.109222250459928e-07
79.48 -2.1049794109668202e-07
79.52 -2.10074723454957e-07
79.56 -2.0965256890662868e-07
79.60000000000001 -2.0923147424880616e-07
79.64 -2.0881143628985089e-07
79.68 -2.083924518493309e-07
79.72 -2.079745177579771e-07
79.76 -2.0755763085763726e-07
79.8 -2.0714178800123258e-07
79.84 -2.0672698605271231e-07
79.88 -2.063132218870107e-07
79.92 -2.059004923900017e-07
79.96000000000001 -2.054887944584567e-07
80.0 -2.05078125e-07
80.04 -2.0466848093306538e-07
80.08 -2.042598591868538e-07
80.12 -2.038522567012893e-07
80.16 -2.0344567042697737e-07
80.2 -2.0304009732516134e-07
80.24 -2.0263553436768085e-07
80.28 -2.022319785369288e-07
80.32000000000001 -2.018294268258101e-07
80.36 -2.0142787623769962e-07
80.4 -2.0102732378640002e-07
80.44 -2.006277664961012e-07
80.48 -2.0022920140133808e-07
80.52 -1.998316255469506e-07
80.56 -1.9943503598804144e-07
80.60000000000001 -1.9903942978993677e-07
80.64 -1.9864480402814478e-07
80.68 -1.9825115578831535e-07
80.72 -1.9785848216620054e-07
80.76 -1.9746678026761352e-07
80.8 -1.9707604720839009e-07
80.84 -1.9668628011434762e-07
80.88 -1.9629747612124692e-07
80.92 -1.9590963237475178e-07
80.96000000000001 -1.955227460303907e-07
81.0 -1.9513681425351772e-07
81.04 -1.9475183421927314e-07
81.08 -1.9436780311254591e-07
81.12 -1.939847181279341e-07
81.16 -1.936025764697077e-07
81.2 -1.9322137535176957e-07
81.24 -1.9284111199761836e-07
81.28 -1.9246178364031e-07
81.32000000000001 -1.920833875224209e-07
81.36 -1.9170592089601e-07
81.4 -1.913293810225813e-07
81.44 -1.9095376517304777e-07
81.48 -1.905790706276931e-07
81.52 -1.9020529467613625e-07
81.56 -1.8983243461729362e-07
81.60000000000001 -1.8946048775934367e-07
81.64 -1.890894514196902e-07
81.68 -1.8871932292492574e-07
81.72 -1.8835009961079679e-07
81.76 -1.8798177882216653e-07
81.8 -1.876143579129808e-07
81.84 -1.8724783424623093e-07
81.88 -1.8688220519391998e-07
81.92 -1.865174681370263e-07
81.96000000000001 -1.861536204654694e-07
82.0 -1.8579065957807474e-07
82.04 -1.8542858288253867e-07
82.08 -1.8506738779539467e-07
82.12 -1.8470707174197808e-07
82.16 -1.8434763215639266e-07
82.2 -1.8398906648147557e-07
82.24 -1.836313721687645e-07
82.28 -1.8327454667846262e-07
82.32000000000001 -1.8291858747940613e-07
82.36 -1.8256349204903003e-07
82.4 -1.822092578733346e-07
82.44 -1.8185588244685295e-07
82.48 -1.8150336327261697e-07
82.52 -1.8115169786212545e-07
82.56 -1.8080088373531013e-07
82.60000000000001 -1.8045091842050408e-07
82.64 -1.8010179945440887e-07
82.68 -1.797535243820615e-07
82.72 -1.7940609075680342e-07
82.76 -1.790594961402474e-07
82.8 -1.7871373810224627e-07
82.84 -1.783688142208605e-07
82.88 -1.7802472208232724e-07
82.92 -1.7768145928102805e-07
82.96000000000001 -1.7733902341945815e-07
83.0 -1.769974121081949e-07
83.04 -1.766566229658663e-07
83.08 -1.7631665361912083e-07
83.12 -1.7597750170259565e-07
83.16 -1.756391648588869e-07
83.2 -1.7530164073851798e-07
83.24 -1.7496492699991027e-07
83.28 -1.7462902130935167e-07
83.32000000000001 -1.7429392134096736e-07
83.36 -1.739596247766893e-07
83.4 -1.7362612930622606e-07
83.44 -1.7329343262703366e-07
83.48 -1.729615324442851e-07
83.52 -1.7263042647084173e-07
83.56 -1.723001124272228e-07
83.60000000000001 -1.7197058804157713e-07
83.64 -1.716418510496535e-07
83.68 -1.7131389919477128e-07
83.72 -1.709867302277923e-07
83.76 -1.706603419070911e-07
83.8 -1.7033473199852738e-07
83.84 -1.7000989827541623e-07
83.88 -1.6968583851850092e-07
83.92 -1.6936255051592344e-07
83.96000000000001 -1.6904003206319728e-07
84.0 -1.6871828096317892e-07
84.04 -1.6839729502603968e-07
84.08 -1.6807707206923854e-07
84.12 -1.6775760991749364e-07
84.16 -1.674389064027556e-07
84.2 -1.6712095936417897e-07
84.24 -1.6680376664809613e-07
84.28 -1.6648732610798883e-07
84.32000000000001 -1.6617163560446205e-07
84.36 -1.6585669300521653e-07
84.4 -1.6554249618502173e-07
84.44 -1.652290430256897e-07
84.48 -1.649163314160475e-07
84.52 -1.646043592519117e-07
84.56 -1.6429312443606095e-07
84.60000000000001 -1.6398262487821044e-07
84.64 -1.6367285849498543e-07
84.68 -1.633638232098948e-07
84.72 -1.6305551695330574e-07
84.76 -1.6274793766241717e-07
84.8 -1.6244108328123474e-07
84.84 -1.6213495176054424e-07
84.88 -1.6182954105788717e-07
84.92 -1.6152484913753414e-07
84.96000000000001 -1.612208739704605e-07
85.0 -1.6091761353432073e-07
85.04 -1.6061506581342293e-07
85.08 -1.603132287987048e-07
85.12 -1.6001210048770747e-07
85.16 -1.59711678884552e-07
85.2 -1.5941196199991357e-07
85.24 -1.5911294785099777e-07
85.28 -1.5881463446151533e-07
85.32000000000001 -1.5851701986165849e-07
85.36 -1.5822010208807626e-07
85.4 -1.579238791838501e-07
85.44 -1.5762834919847052e-07
85.48 -1.5733351018781219e-07
85.52 -1.5703936021411105e-07
85.56 -1.5674589734593957e-07
85.60000000000001 -1.5645311965818381e-07
85.64 -1.5616102523201974e-07
85.68 -1.558696121548891e-07
85.72 -1.555788785204771e-07
85.76 -1.5528882242868806e-07
85.8 -1.5499944198562322e-07
85.84 -1.5471073530355674e-07
85.88 -1.544227005009135e-07
85.92 -1.5413533570224558e-07
85.96000000000001 -1.5384863903820995e-07
86.0 -1.535626086455456e-07
86.04 -1.5327724266705068e-07
86.08 -1.5299253925156042e-07
86.12 -1.5270849655392428e-07
86.16 -1.5242511273498423e-07
86.2 -1.5214238596155165e-07
86.24 -1.518603144063862e-07
86.28 -1.5157889624817282e-07
86.32000000000001 -1.5129812967150048e-07
86.36 -1.5101801286684018e-07
86.4 -1.5073854403052264e-07
86.44 -1.5045972136471752e-07
86.48 -1.501815430774109e-07
86.52 -1.4990400738238465e-07
86.56 -1.4962711249919426e-07
86.60000000000001 -1.4935085665314812e-07
86.64 -1.4907523807528603e-07
86.68 -1.4880025500235775e-07
86.72 -1.4852590567680269e-07
86.76 -1.4825218834672806e-07
86.8 -1.4797910126588886e-07
86.84 -1.4770664269366624e-07
86.88 -1.4743481089504764e-07
86.92 -1.4716360414060525e-07
86.96000000000001 -1.468930207064763e-07
87.0 -1.4662305887434232e-07
87.04 -1.463537169314083e-07
87.08 -1.4608499317038327e-07
87.12 -1.4581688588945926e-07
87.16 -1.4554939339229193e-07
87.2 -1.4528251398797976e-07
87.24 -1.4501624599104495e-07
87.28 -1.447505877214127e-07
87.32000000000001 -1.4448553750439208e-07
87.36 -1.4422109367065617e-07
87.4 -1.439572545562219e-07
87.44 -1.4369401850243152e-07
87.48 -1.4343138385593198e-07
87.52 -1.431693489686566e-07
87.56 -1.4290791219780495e-07
87.60000000000001 -1.4264707190582417e-07
87.64 -1.4238682646038966e-07
87.68 -1.4212717423438567e-07
87.72 -1.4186811360588698e-07
87.76 -1.4160964295813925e-07
87.8 -1.4135176067954093e-07
87.84 -1.4109446516362376e-07
87.88 -1.4083775480903483e-07
87.92 -1.4058162801951716e-07
87.96000000000001 -1.40326083203892e-07
88.0 -1.400711187760399e-07
88.04 -1.3981673315488222e-07
88.08 -1.3956292476436333e-07
88.12 -1.3930969203343174e-07
88.16 -1.3905703339602275e-07
88.2 -1.3880494729103935e-07
88.24 -1.3855343216233534e-07
88.28 -1.3830248645869638e-07
88.32000000000001 -1.3805210863382284e-07
88.36 -1.378022971463118e-07
88.4 -1.3755305045963905e-07
88.44 -1.37304367042142e-07
88.48 -1.3705624536700148e-07
88.52 -1.3680868391222492e-07
88.56 -1.3656168116062824e-07
88.60000000000001 -1.3631523559981904e-07
88.64 -1.3606934572217916e-07
88.68 -1.3582401002484707e-07
88.72 -1.355792270097015e-07
88.76 -1.3533499518334348e-07
88.8 -1.3509131305708017e-07
88.84 -1.3484817914690715e-07
88.88 -1.3460559197349233e-07
88.92 -1.3436355006215833e-07
88.96000000000001 -1.3412205194286643e-07
89.0 -1.3388109615019968e-07
89.04 -1.3364068122334597e-07
89.08 -1.3340080570608208e-07
89.12 -1.3316146814675665e-07
89.16 -1.3292266709827437e-07
89.2 -1.3268440111807896e-07
89.24 -1.324466687681376e-07
89.28 -1.3220946861492413e-07
89.32000000000001 -1.319727992294034e-07
89.36 -1.317366591870149e-07
89.4 -1.3150104706765675e-07
89.44 -1.3126596145567003e-07
89.48 -1.3103140093982247e-07
89.52 -1.3079736411329317e-07
89.56 -1.3056384957365625e-07
89.60000000000001 -1.3033085592286575e-07
89.64 -1.300983817672397e-07
89.68 -1.2986642571744433e-07
89.72 -1.296349863884792e-07
89.76 -1.2940406239966103e-07
89.8 -1.2917365237460903e-07
89.84 -1.2894375494122891e-07
89.88 -1.2871436873169836e-07
89.92 -1.28485492382451e-07
89.96000000000001 -1.2825712453416207e-07
90.0 -1.2802926383173298e-07
90.04 -1.27801908924276e-07
90.08 -1.275750584651001e-07
90.12 -1.273487111116951e-07
90.16 -1.2712286552571783e-07
90.2 -1.2689752037297638e-07
90.24 -1.2667267432341626e-07
90.28 -1.2644832605110506e-07
90.32000000000001 -1.2622447423421833e-07
90.36 -1.2600111755502492e-07
90.4 -1.2577825469987211e-07
90.44 -1.2555588435917195e-07
90.48 -1.2533400522738604e-07
90.52 -1.25112616003012e-07
90.56 -1.248917153885686e-07
90.60000000000001 -1.2467130209058202e-07
90.64 -1.2445137481957152e-07
90.68 -1.2423193229003508e-07
90.72 -1.2401297322043608e-07
90.76 -1.237944963331885e-07
90.8 -1.2357650035464376e-07
90.84 -1.2335898401507621e-07
90.88 -1.2314194604866985e-07
90.92 -1.2292538519350416e-07
90.96000000000001 -1.2270930019154075e-07
91.0 -1.2249368978860959e-07
91.04 -1.2227855273439516e-07
91.08 -1.220638877824235e-07
91.12 -1.2184969369004804e-07
91.16 -1.2163596921843679e-07
91.2 -1.2142271313255844e-07
91.24 -1.2120992420116956e-07
91.28 -1.2099760119680074e-07
91.32000000000001 -1.20785742895744e-07
91.36 -1.2057434807803926e-07
91.4 -1.20363415527461e-07
91.44 -1.2015294403150585e-07
91.48 -1.1994293238137896e-07
91.52 -1.1973337937198146e-07
91.56 -1.1952428380189716e-07
91.60000000000001 -1.1931564447338015e-07
91.64 -1.1910746019234176e-07
91.68 -1.1889972976833753e-07
91.72 -1.1869245201455511e-07
91.76 -1.1848562574780097e-07
91.8 -1.1827924978848836e-07
91.84 -1.180733229606242e-07
91.88 -1.1786784409179719e-07
91.92 -1.1766281201316464e-07
91.96000000000001 -1.1745822555944073e-07
92.0 -1.1725408356888376e-07
92.04 -1.1705038488328382e-07
92.08 -1.1684712834795084e-07
92.12 -1.1664431281170188e-07
92.16 -1.1644193712684955e-07
92.2 -1.1624000014918928e-07
92.24 -1.1603850073798782e-07
92.28 -1.1583743775597065e-07
92.32000000000001 -1.1563681006931053e-07
92.36 -1.1543661654761523e-07
92.4 -1.1523685606391565e-07
92.44 -1.1503752749465417e-07
92.48 -1.1483862971967259e-07
92.52 -1.1464016162220078e-07
92.56 -1.1444212208884437e-07
92.60000000000001 -1.1424451000957375e-07
92.64 -1.1404732427771206e-07
92.68 -1.1385056378992361e-07
92.72 -1.1365422744620263e-07
92.76 -1.1345831414986137e-07
92.8 -1.1326282280751922e-07
92.84 -1.1306775232909074e-07
92.88 -1.1287310162777482e-07
92.92 -1.1267886962004284e-07
92.96000000000001 -1.1248505522562802e-07
93.0 -1.122916573675138e-07
93.04 -1.1209867497192262e-07
93.08 -1.119061069683052e-07
93.12 -1.1171395228932891e-07
93.16 -1.1152220987086725e-07
93.2 -1.1133087865198842e-07
93.24 -1.1113995757494474e-07
93.28 -1.1094944558516131e-07
93.32000000000001 -1.1075934163122561e-07
93.36 -1.1056964466487634e-07
93.4 -1.103803536409926e-07
93.44 -1.1019146751758352e-07
93.48 -1.1000298525577696e-07
93.52 -1.0981490581980953e-07
93.56 -1.0962722817701531e-07
93.60000000000001 -1.0943995129781579e-07
93.64 -1.0925307415570908e-07
93.68 -1.0906659572725927e-07
93.72 -1.0888051499208632e-07
93.76 -1.086948309328553e-07
93.8 -1.0850954253526635e-07
93.84 -1.0832464878804391e-07
93.88 -1.0814014868292687e-07
93.92 -1.0795604121465788e-07
93.96000000000001 -1.0777232538097351e-07
94.0 -1.0758900018259391e-07
94.04 -1.074060646232124e-07
94.08 -1.0722351770948592e-07
94.12 -1.0704135845102436e-07
94.16 -1.0685958586038107e-07
94.2 -1.0667819895304239e-07
94.24 -1.0649719674741815e-07
94.28 -1.063165782648313e-07
94.32000000000001 -1.0613634252950843e-07
94.36 -1.0595648856856975e-07
94.4 -1.0577701541201915e-07
94.44 -1.0559792209273478e-07
94.48 -1.0541920764645888e-07
94.52 -1.0524087111178863e-07
94.56 -1.0506291153016592e-07
94.60000000000001 -1.0488532794586816e-07
94.64 -1.047081194059986e-07
94.68 -1.0453128496047654e-07
94.72 -1.0435482366202824e-07
94.76 -1.04178734566177e-07
94.8 -1.0400301673123419e-07
94.84 -1.0382766921828934e-07
94.88 -1.0365269109120132e-07
94.92 -1.0347808141658848e-07
94.96000000000001 -1.0330383926381976e-07
95.0 -1.0312996370500534e-07
95.04 -1.0295645381498711e-07
95.08 -1.0278330867133004e-07
95.12 -1.026105273543124e-07
95.16 -1.0243810894691723e-07
95.2 -1.0226605253482277e-07
95.24 -1.0209435720639379e-07
95.28 -1.0192302205267222e-07
95.32000000000001 -1.0175204616736849e-07
95.36 -1.0158142864685249e-07
95.4 -1.0141116859014435e-07
95.44 -1.0124126509890617e-07
95.48 -1.0107171727743243e-07
95.52 -1.0090252423264193e-07
95.56 -1.0073368507406834e-07
95.60000000000001 -1.0056519891385193e-07
95.64 -1.0039706486673071e-07
95.68 -1.0022928205003153e-07
95.72 -1.0006184958366181e-07
95.76 -9.989476659010056e-08
95.8 -9.972803219439013e-08
95.84 -9.956164552412732e-08
95.88 -9.93956057094552e-08
95.92 -9.922991188305428e-08
95.96000000000001 -9.906456318013432e-08
96.0 -9.889955873842594e-08
96.04 -9.873489769817175e-08
96.08 -9.85705792021187e-08
96.12 -9.840660239550907e-08
96.16 -9.824296642607279e-08
96.2 -9.807967044401854e-08
96.24000000000001 -9.79167136020261e-08
96.28 -9.775409505523779e-08
96.32000000000001 -9.759181396125026e-08
96.36 -9.742986948010671e-08
96.4 -9.726826077428829e-08
96.44 -9.710698700870643e-08
96.48 -9.694604735069447e-08
96.52 -9.678544096999992e-08
96.56 -9.662516703877617e-08
96.60000000000001 -9.646522473157479e-08
96.64 -9.630561322533749e-08
96.68 -9.614633169938804e-08
96.72 -9.598737933542479e-08
96.76 -9.582875531751235e-08
96.8 -9.567045883207426e-08
96.84 -9.551248906788466e-08
96.88 -9.535484521606114e-08
96.92 -9.519752647005641e-08
96.96000000000001 -9.504053202565105e-08
97.0 -9.488386108094563e-08
97.04 -9.472751283635303e-08
97.08 -9.457148649459098e-08
97.12 -9.441578126067427e-08
97.16 -9.426039634190746e-08
97.2 -9.410533094787697e-08
97.24000000000001 -9.395058429044399e-08
97.28 -9.379615558373675e-08
97.32000000000001 -9.364204404414298e-08
97.36 -9.34882488903029e-08
97.4 -9.333476934310125e-08
97.44 -9.318160462566049e-08
97.48 -9.3028753963333e-08
97.52 -9.287621658369414e-08
97.56 -9.272399171653464e-08
97.60000000000001 -9.257207859385354e-08
97.64 -9.242047644985099e-08
97.68 -9.226918452092077e-08
97.72 -9.211820204564354e-08
97.76 -9.196752826477919e-08
97.8 -9.181716242126022e-08
97.84 -9.166710376018416e-08
97.88 -9.151735152880692e-08
97.92 -9.136790497653536e-08
97.96000000000001 -9.121876335492063e-08
98.0 -9.106992591765093e-08
98.04 -9.092139192054453e-08
98.08 -9.077316062154304e-08
98.12 -9.062523128070415e-08
98.16 -9.047760316019521e-08
98.2 -9.03302755242858e-08
98.24000000000001 -9.018324763934133e-08
98.28 -9.003651877381612e-08
98.32000000000001 -8.989008819824635e-08
98.36 -8.97439551852437e-08
98.4 -8.959811900948817e-08
98.44 -8.945257894772184e-08
98.48 -8.930733427874162e-08
98.52 -8.91623842833932e-08
98.56 -8.901772824456376e-08
98.60000000000001 -8.887336544717588e-08
98.64 -8.872929517818075e-08
98.68 -8.858551672655135e-08
98.72 -8.844202938327639e-08
98.76 -8.829883244135328e-08
98.8 -8.815592519578209e-08
98.84 -8.801330694355859e-08
98.88 -8.787097698366835e-08
98.92 -8.772893461707969e-08
98.96000000000001 -8.758717914673783e-08
99.0 -8.74457098775582e-08
99.04 -8.730452611642006e-08
99.08 -8.716362717216038e-08
99.12 -8.70230123555672e-08
99.16 -8.688268097937375e-08
99.2 -8.674263235825174e-08
99.24000000000001 -8.660286580880545e-08
99.28 -8.64633806495654e-08
99.32000000000001 -8.632417620098201e-08
99.36 -8.618525178541969e-08
99.4 -8.604660672715034e-08
99.44 -8.590824035234763e-08
99.48 -8.577015198908044e-08
99.52 -8.563234096730719e-08
99.56 -8.54948066188694e-08
99.60000000000001 -8.535754827748593e-08
99.64 -8.522056527874687e-08
99.68 -8.508385696010734e-08
99.72 -8.494742266088186e-08
99.76 -8.481126172223805e-08
99.8 -8.467537348719098e-08
99.84 -8.453975730059702e-08
99.88 -8.440441250914812e-08
99.92 -8.426933846136576e-08
99.96000000000001 -8.413453450759529e-08
100.0 -8.4e-08
