0.04 -0.00038522673983035216
0.08 -0.0015409061823550268
0.12 -0.00346703881677508
0.16 -0.006163623811397329
0.2 -0.009630658194457324
0.24 -0.013868132255009597
0.28 -0.018876020494464702
0.32 -0.02465426542714258
0.36 -0.031202751139700433
0.4 -0.0385212629717131
0.44 -0.04660942911429554
0.48 -0.055466639382938755
0.52 -0.065091935877428
0.56 -0.07548386973012852
0.6 -0.08664031765771067
0.64 -0.09855825160112576
0.68 -0.11123345438340616
0.72 -0.12466017407345079
0.76 -0.1388307096605551
0.8 -0.15373492078104004
0.84 -0.1693596546699279
0.88 -0.18568808433238704
0.92 -0.2026989532546432
0.96 -0.22036572393687376
1.0 -0.23865563028378015
1.04 -0.2575286376010961
1.08 -0.2769363187961141
1.12 -0.2968206615430629
1.16 -0.31711282880620567
1.2 -0.3377319043277849
1.24 -0.35858366552010534
1.28 -0.3795594385678592
1.32 -0.4005351041928986
1.36 -0.4213703369714448
1.4000000000000001 -0.4419081755372753
1.44 -0.4619750343054895
1.48 -0.48138127794701646
1.52 -0.4999224857307836
1.56 -0.5173815316065447
1.6 -0.5335315947788951
1.6400000000000001 -0.5481401916391313
1.68 -0.5609742805721121
1.72 -0.5718064342671441
1.76 -0.5804219988835079
1.8 -0.586627066817885
1.84 -0.5902569836028841
1.8800000000000001 -0.5911849966232033
1.92 -0.5893305445020319
1.96 -0.5846665953328368
2.0 -0.5772253862226707
2.04 -0.5671019135939392
2.08 -0.5544545892780828
2.12 -0.5395026222221639
2.16 -0.5225199110315234
2.2 -0.5038255273867907
2.24 -0.4837712088077077
2.2800000000000002 -0.46272662147604493
2.32 -0.4410634500063626
2.36 -0.41913956879249104
2.4 -0.39728460431583895
2.44 -0.375788084038068
2.48 -0.35489108781335493
2.52 -0.33478190685644177
2.56 -0.3155957364856088
2.6 -0.29741796248118096
2.64 -0.28029022694806494
2.68 -0.26421823877671863
2.72 -0.24918025293120302
2.7600000000000002 -0.23513526899622905
2.8000000000000003 -0.22203024565317384
2.84 -0.20980592763927075
2.88 -0.1984011686036042
2.92 -0.18775585699468117
2.96 -0.17781268853175639
3.0 -0.16851807972332056
3.04 -0.15982250249850416
3.08 -0.1516804680101958
3.12 -0.1440503235224724
3.16 -0.13689396754330718
3.2 -0.13017654341444118
3.24 -0.12386614168983537
3.2800000000000002 -0.11793352411212746
3.3200000000000003 -0.1123518729140428
3.36 -0.1070965650635012
3.4 -0.10214496952847177
3.44 -0.09747626525350045
3.48 -0.0930712776057814
3.52 -0.08891233125432196
3.56 -0.08498311767346658
3.6 -0.08126857567443987
3.64 -0.07775478355722286
3.68 -0.07442886164040473
3.72 -0.07127888407117573
3.7600000000000002 -0.06829379894402932
3.8000000000000003 -0.06546335586743501
3.84 -0.06277804021482115
3.88 -0.06022901338145964
3.92 -0.0578080584438214
3.96 -0.055507530683996914
4.0 -0.0533203125
4.04 -0.05123977227418142
4.08 -0.04925972681742937
4.12 -0.047374407047067
4.16 -0.04557842659201467
4.2 -0.04386675305042651
4.24 -0.04223468165312101
4.28 -0.0406778111111278
4.32 -0.03919202144793589
4.36 -0.037773453636874725
4.4 -0.03641849088177036
4.44 -0.03512374139484083
4.48 -0.0338860225399451
4.5200000000000005 -0.032702346221966744
4.5600000000000005 -0.03156990541446518
4.6000000000000005 -0.030486061727909766
4.64 -0.029448333929955006
4.68 -0.028454387337432125
4.72 -0.02750202400712499
4.76 -0.026589173659053923
4.8 -0.02571388527199074
4.84 -0.024874319296339303
4.88 -0.02406874043440193
4.92 -0.023295510942466933
4.96 -0.022553084413145453
5.0 -0.021840000000000002
5.04 -0.021154877049781307
5.08 -0.020496410110558454
5.12 -0.019863364286720753
5.16 -0.019254570914275584
5.2 -0.01866892353208921
5.24 -0.018105374126738728
5.28 -0.017562929630483393
5.32 -0.017040648653538895
5.36 -0.016537638433365566
5.4 -0.016053051985074538
5.44 -0.015586085438327258
5.48 -0.015135975547265137
5.5200000000000005 -0.014701997361067597
5.5600000000000005 -0.014283462043707503
5.6000000000000005 -0.013879714832361511
5.64 -0.013490133124746539
5.68 -0.013114124686399142
5.72 -0.012751125969598537
5.76 -0.012400600536260969
5.8 -0.012062037577709567
5.84 -0.011734950524752574
5.88 -0.011418875741989411
5.92 -0.011113371300711359
5.96 -0.010818015825175203
6.0 -0.010532407407407407
6.04 -0.010256162586045541
6.08 -0.009988915385045628
6.12 -0.00973031640838111
6.16 -0.009480031987133063
6.2 -0.009237743375624377
6.24 -0.009003145993484379
6.28 -0.008775948710746377
6.32 -0.008555873173280434
6.36 -0.008342653166048595
6.4 -0.008136034011840819
6.44 -0.007935772003308458
6.48 -0.007741633866258941
6.5200000000000005 -0.007553396252311482
6.5600000000000005 -0.007370845259139925
6.6000000000000005 -0.007193775976645997
6.640000000000001 -0.007021992057515055
6.68 -0.00685530531070743
6.72 -0.006693535316532368
6.76 -0.00653650906203887
6.8 -0.006384060595538848
6.84 -0.00623603069915362
6.88 -0.006092266578345011
6.92 -0.005952621567457832
6.96 -0.005816954850361482
7.0 -0.005685131195335277
7.04 -0.0055570207033951375
7.08 -0.0054324985693086384
7.12 -0.005311444854591662
7.16 -0.0051937442718228664
7.2 -0.005079285979652492
7.24 -0.0049679633879195235
7.28 -0.004859673972326429
7.32 -0.004754319098153467
7.36 -0.0046518038525252955
7.4 -0.004552036884771371
7.44 -0.004454930254448483
7.48 -0.004360399286618978
7.5200000000000005 -0.004268362434001832
7.5600000000000005 -0.004178741145635813
7.6000000000000005 -0.004091459741714688
7.640000000000001 -0.004006445294273901
7.68 -0.003923627513426322
7.72 -0.003842938638861786
7.76 -0.0037643133363412275
7.8 -0.003687688598931203
7.84 -0.0036130036527388374
7.88 -0.0035401998669204707
7.92 -0.003469220667749807
7.96 -0.003400011456543102
8.0 -0.00333251953125
8.040000000000001 -0.0032666940115289997
8.08 -0.0032024857671363385
8.120000000000001 -0.003139847349466254
8.16 -0.0030787329260893357
8.2 -0.0030190982181437153
8.24 -0.0029609004404416877
8.28 -0.002904098244161502
8.32 -0.002848651662000917
8.36 -0.00279452205567563
8.4 -0.002741672065651657
8.44 -0.0026900655630066046
8.48 -0.0026396676033200632
8.52 -0.002590444382498596
8.56 -0.0025423631944454877
8.6 -0.0024953923904901167
8.64 -0.002449501340495993
8.68 -0.002404660395570694
8.72 -0.0023608408523046703
8.76 -0.0023180149184696443
8.8 -0.0022761556801106477
8.84 -0.0022352370699691352
8.88 -0.0021952338371775517
8.92 -0.0021561215181687835
8.96 -0.0021178764087465686
9.0 -0.002080475537265661
9.040000000000001 -0.0020438966388729215
9.08 -0.002008118130762961
9.120000000000001 -0.0019731190884040737
9.16 -0.0019388792226924282
9.200000000000001 -0.0019053788579943603
9.24 -0.0018725989110386296
9.28 -0.0018405208706221878
9.32 -0.0018091267780948118
9.36 -0.0017783992085895078
9.4 -0.0017483212529671509
9.44 -0.001718876500445312
9.48 -0.001690049021882555
9.52 -0.0016618233536908702
9.56 -0.001634184482350094
9.6 -0.0016071178294994213
9.64 -0.0015806092375821844
9.68 -0.0015546449560212064
9.72 -0.0015292116279030008
9.76 -0.0015042962771501206
9.8 -0.0014798862961618272
9.84 -0.0014559694339041833
9.88 -0.001432533784431458
9.92 -0.0014095677758215908
9.96 -0.0013870601595091464
10.0 -0.0013650000000000001
10.040000000000001 -0.001343376664952592
10.08 -0.0013221798156113317
10.120000000000001 -0.0013013993975782804
10.16 -0.0012810256319099034
10.200000000000001 -0.0012610490065261915
10.24 -0.001241460267920047
10.28 -0.0012222504131552965
10.32 -0.001203410682142224
10.36 -0.0011849325501799702
10.4 -0.0011668077207555756
10.44 -0.0011490281185899225
10.48 -0.0011315858829211705
10.52 -0.0011144733610167412
10.56 -0.001097683101905212
10.6 -0.0010812078503198983
10.64 -0.001065040540846181
10.68 -0.0010491742922650199
10.72 -0.0010336024020853479
10.76 -0.0010183183412583862
10.8 -0.0010033157490671586
10.84 -0.0009885884281847987
10.88 -0.0009741303398954536
10.92 -0.0009599355994718874
10.96 -0.0009459984717040711
11.0 -0.0009323133665733215
11.040000000000001 -0.0009188748350667248
11.08 -0.0009056775651268245
11.120000000000001 -0.000892716377731719
11.16 -0.0008799862231009351
11.200000000000001 -0.0008674821770225944
11.24 -0.0008551994372975938
11.28 -0.0008431333202966587
11.32 -0.0008312792576263127
11.36 -0.0008196327928999464
11.4 -0.0008081895786103089
11.44 -0.0007969453730999086
11.48 -0.0007858960376259147
11.52 -0.0007750375335163106
11.56 -0.0007643659194141408
11.6 -0.0007538773486068479
11.64 -0.0007435680664377731
11.68 -0.0007334344077970359
11.72 -0.0007234727946890849
11.76 -0.0007136797338743382
11.8 -0.0007040518145823994
11.84 -0.0006945857062944599
11.88 -0.0006852781565925542
11.92 -0.0006761259890734502
11.96 -0.0006671261013250099
12.0 -0.0006582754629629629
12.040000000000001 -0.0006495711137260818
12.08 -0.0006410101616278463
12.120000000000001 -0.0006325897811627334
12.16 -0.0006243072115653518
12.200000000000001 -0.0006161597551206891
12.24 -0.0006081447755238193
12.280000000000001 -0.0006002596962874559
12.32 -0.0005925019991958164
12.36 -0.0005848692228032964
12.4 -0.0005773589609765235
12.44 -0.0005699688614783967
12.48 -0.0005626966245927737
12.52 -0.000555540001788518
12.56 -0.0005484967944216486
12.6 -0.0005415648524744015
12.64 -0.0005347420733300271
12.68 -0.0005280264005822126
12.72 -0.0005214158228780372
12.76 -0.0005149083727934213
12.8 -0.0005085021257400512
12.84 -0.0005021951989028125
12.88 -0.0004959857502067786
12.92 -0.0004898719773128542
12.96 -0.0004838521166411838
13.0 -0.00047792444242148385
13.040000000000001 -0.0004720872657694676
13.08 -0.00046633893378857707
13.120000000000001 -0.0004606778286962453
13.16 -0.0004551023669739564
13.200000000000001 -0.0004496109985403748
13.24 -0.0004442022059468608
13.280000000000001 -0.0004388745035946909
13.32 -0.00043362643697334363
13.36 -0.0004284565819192144
13.4 -0.0004233635438941585
13.44 -0.000418345957283273
13.48 -0.0004134024847113459
13.52 -0.00040853181637742937
13.56 -0.00040373266940699697
13.6 -0.000399003787221178
13.64 -0.00039434393892256233
13.68 -0.0003897519186971012
13.72 -0.00038522654523162934
13.76 -0.00038076666114656316
13.8 -0.00037637113244333046
13.84 -0.0003720388479661145
13.88 -0.0003677687188774945
13.92 -0.0003635596781475926
13.96 -0.00035941068005633384
14.0 -0.0003553206997084548
14.040000000000001 -0.00035128873256089026
14.08 -0.0003473137939621961
14.120000000000001 -0.0003433949187036618
14.16 -0.0003395311605817899
14.200000000000001 -0.0003357215919718179
14.24 -0.0003319653034119789
14.280000000000001 -0.0003282614031981965
14.32 -0.00032460901698892915
14.36 -0.0003210072874198768
14.4 -0.00031745537372828076
14.44 -0.0003139524513865524
14.48 -0.0003104977117449702
14.52 -0.0003070903616832013
14.56 -0.0003037296232704018
14.6 -0.0003004147334336659
14.64 -0.0002971449436345917
14.68 -0.00029391951955374916
14.72 -0.00029073774078283097
14.76 -0.0002875989005242831
14.8 -0.0002845023052982107
14.84 -0.0002814472746563667
14.88 -0.0002784331409030302
14.92 -0.0002754592488225953
14.96 -0.0002725249554136861
15.0 -0.00026962962962962965
15.040000000000001 -0.0002667726521251145
15.08 -0.000263953415008875
15.120000000000001 -0.0002611713216022383
15.16 -0.0002584257862033849
15.200000000000001 -0.000255716233857168
15.24 -0.0002530421001303513
15.280000000000001 -0.0002504028308921188
15.32 -0.0002477978820997247
15.36 -0.00024522671958914513
15.4 -0.00024268881887060638
15.44 -0.00024018366492886163
15.48 -0.00023771075202809366
15.52 -0.00023526958352132672
15.56 -0.00023285967166422953
15.6 -0.00023048053743320019
15.64 -0.00022813171034762048
15.68 -0.00022581272829617734
15.72 -0.00022352313736714478
15.76 -0.00022126249168252942
15.8 -0.0002190303532359791
15.84 -0.00021682629173436295
15.88 -0.00021464988444292767
15.92 -0.00021250071603394388
15.96 -0.00021037837843875177
16.0 -0.000208282470703125
16.04 -0.00020621259884586704
16.080000000000002 -0.00020416837572056248
16.12 -0.00020214942088040458
16.16 -0.00020015536044602116
16.2 -0.00019818582697622898
16.240000000000002 -0.00019624045934164087
16.28 -0.00019431890260105915
16.32 -0.00019242080788058348
16.36 -0.00019054583225537112
16.4 -0.0001886936386339822
16.44 -0.00018686389564524862
16.48 -0.00018505627752760548
16.52 -0.00018327046402082456
16.56 -0.00018150614026009388
16.6 -0.0001797629966723854
16.64 -0.0001780407288750573
16.68 -0.00017633903757663592
16.72 -0.00017465762847972688
16.76 -0.00017299621218600425
16.8 -0.00017135450410322856
16.84 -0.0001697322243542443
16.88 -0.0001681290976879128
16.92 -0.00016654485339193245
16.96 -0.00016497922520750395
17.0 -0.00016343195124579447
17.04 -0.00016190277390616225
17.080000000000002 -0.00016039143979609772
17.12 -0.00015889769965284298
17.16 -0.00015742130826664857
17.2 -0.0001559620244056323
17.240000000000002 -0.00015451961074220083
17.28 -0.00015309383378099957
17.32 -0.0001516844637883536
17.36 -0.00015029127472316838
17.400000000000002 -0.00014891404416925386
17.44 -0.0001475525532690419
17.48 -0.0001462065866586629
17.52 -0.00014487593240435277
17.56 -0.0001435603819401588
17.6 -0.00014225973000691548
17.64 -0.00014097377459246183
17.68 -0.00013970231687307095
17.72 -0.0001384451611560663
17.76 -0.00013720211482359698
17.8 -0.00013597298827754651
17.84 -0.00013475759488554897
17.88 -0.00013355575092808896
17.92 -0.00013236727554666054
17.96 -0.00013119199069296225
18.0 -0.0001300297210791038
18.04 -0.00012888029412880416
18.080000000000002 -0.0001277435399295576
18.12 -0.00012661929118574738
18.16 -0.00012550738317268506
18.2 -0.00012440765369155663
18.240000000000002 -0.0001233199430252546
18.28 -0.0001222440938950776
18.32 -0.00012117995141827676
18.36 -0.00012012736306643348
18.400000000000002 -0.00011908617862464752
18.44 -0.00011805625015152033
18.48 -0.00011703743193991435
18.52 -0.00011602958047847338
18.56 -0.00011503255441388674
18.6 -0.00011404621451388116
18.64 -0.00011307042363092574
18.68 -0.00011210504666663315
18.72 -0.00011114995053684424
18.76 -0.00011020500413737984
18.8 -0.00010927007831044693
18.84 -0.00010834504581168369
18.88 -0.000107429781277832
18.92 -0.00010652416119502234
18.96 -0.00010562806386765968
19.0 -0.00010474136938789605
19.04 -0.00010386395960567939
19.080000000000002 -0.00010299571809936536
19.12 -0.00010213653014688088
19.16 -0.00010128628269742747
19.2 -0.00010044486434371383
19.240000000000002 -9.96121652947063e-05
19.28 -9.878807734888652e-05
19.32 -9.797249386800567e-05
19.36 -9.71653097513254e-05
19.400000000000002 -9.636642141033537e-05
19.44 -9.557572674393755e-05
19.48 -9.479312511408721e-05
19.52 -9.401851732188254e-05
19.56 -9.325180558409243e-05
19.6 -9.24928935101142e-05
19.64 -9.174168607935274e-05
19.68 -9.099808961901146e-05
19.72 -9.026201178228806e-05
19.76 -8.953336152696613e-05
19.8 -8.881204909439503e-05
19.84 -8.809798598884943e-05
19.88 -8.739108495726211e-05
19.92 -8.669125996932165e-05
19.96 -8.599842619792832e-05
20.0 -8.531250000000001e-05
20.04 -8.463339889762259e-05
20.080000000000002 -8.3961041559537e-05
20.12 -8.329534778295664e-05
20.16 -8.263623847570823e-05
20.2 -8.198363563869027e-05
20.240000000000002 -8.133746234864252e-05
20.28 -8.069764274122059e-05
20.32 -8.006410199436896e-05
20.36 -7.943676631198788e-05
20.400000000000002 -7.881556290788697e-05
20.44 -7.820041999002128e-05
20.48 -7.759126674500294e-05
20.52 -7.698803332288418e-05
20.56 -7.639065082220603e-05
20.6 -7.57990512753072e-05
20.64 -7.5213167633889e-05
20.68 -7.463293375483022e-05
20.72 -7.405828438624814e-05
20.76 -7.348915515380037e-05
20.8 -7.292548254722348e-05
20.84 -7.236720390710276e-05
20.88 -7.181425741187015e-05
20.92 -7.126658206502486e-05
20.96 -7.072411768257315e-05
21.0 -7.018680488068243e-05
21.04 -6.965458506354632e-05
21.080000000000002 -6.91274004114562e-05
21.12 -6.860519386907575e-05
21.16 -6.808790913391394e-05
21.2 -6.757549064499364e-05
21.240000000000002 -6.706788357171156e-05
21.28 -6.656503380288631e-05
21.32 -6.606688793599037e-05
21.36 -6.557339326656374e-05
21.400000000000002 -6.508449777780447e-05
21.44 -6.460015013033424e-05
21.48 -6.412029965213415e-05
21.52 -6.364489632864914e-05
21.56 -6.317389079305665e-05
21.6 -6.270723431669741e-05
21.64 -6.224487879966482e-05
21.68 -6.178677676154992e-05
21.72 -6.133288133233982e-05
21.76 -6.088314624346585e-05
21.8 -6.043752581899958e-05
21.84 -5.999597496699296e-05
21.88 -5.955844917096115e-05
21.92 -5.912490448150444e-05
21.96 -5.8695297508067484e-05
22.0 -5.8269585410832597e-05
22.04 -5.784772589274546e-05
22.080000000000002 -5.74296771916703e-05
22.12 -5.701539807267262e-05
22.16 -5.660484782042653e-05
22.2 -5.619798623174535e-05
22.240000000000002 -5.5794773608232434e-05
22.28 -5.539517074905077e-05
22.32 -5.4999138943808444e-05
22.36 -5.460663996555873e-05
22.400000000000002 -5.421763606391215e-05
22.44 -5.3832089958258984e-05
22.48 -5.3449964831099613e-05
22.52 -5.307122432148164e-05
22.56 -5.269583251854117e-05
22.6 -5.23237539551468e-05
22.64 -5.1954953601644546e-05
22.68 -5.158939685970141e-05
22.72 -5.122704955624665e-05
22.76 -5.086787793750839e-05
22.8 -5.051184866314431e-05
22.84 -5.015892880046433e-05
22.88 -4.9809085818744286e-05
22.92 -4.9462287583628415e-05
22.96 -4.9118502351619666e-05
23.0 -4.8777698764655646e-05
23.04 -4.843984584476941e-05
23.080000000000002 -4.8104912988833175e-05
23.12 -4.77728699633838e-05
23.16 -4.744368689952822e-05
23.2 -4.7117334287927996e-05
23.240000000000002 -4.6793782973861254e-05
23.28 -4.647300415236082e-05
23.32 -4.6154969363427106e-05
23.36 -4.583965048731474e-05
23.400000000000002 -4.552701973989137e-05
23.44 -4.5217049668067806e-05
23.48 -4.490971314529768e-05
23.52 -4.460498336714614e-05
23.56 -4.430283384692595e-05
23.6 -4.400323841139996e-05
23.64 -4.370617119654902e-05
23.68 -4.3411606643403746e-05
23.72 -4.3119519493939746e-05
23.76 -4.282988478703464e-05
23.8 -4.2542677854486274e-05
23.84 -4.2257874317090636e-05
23.88 -4.197545008077905e-05
23.92 -4.169538133281312e-05
23.96 -4.141764453803696e-05
24.0 -4.1142216435185184e-05
24.04 -4.086907403324628e-05
24.080000000000002 -4.059819460788011e-05
24.12 -4.0329555697888895e-05
24.16 -4.0063135101740395e-05
24.2 -3.979891087414289e-05
24.240000000000002 -3.9536861322670836e-05
24.28 -3.9276965004440493e-05
24.32 -3.9019200722834486e-05
24.36 -3.876354752427476e-05
24.400000000000002 -3.850998469504307e-05
24.44 -3.8258491758148144e-05
24.48 -3.800904847023871e-05
24.52 -3.77616348185619e-05
24.560000000000002 -3.751623101796599e-05
24.6 -3.727281750794708e-05
24.64 -3.7031374949738526e-05
24.68 -3.679188422344298e-05
24.72 -3.655432642520603e-05
24.76 -3.6318682864430746e-05
24.8 -3.608493506103272e-05
24.84 -3.585306474273459e-05
24.88 -3.562305384239979e-05
24.92 -3.539488449540465e-05
24.96 -3.5168539037048354e-05
25.0 -3.4944e-05
25.04 -3.4721250111782375e-05
25.080000000000002 -3.450027229229171e-05
25.12 -3.4281049651353036e-05
25.16 -3.4063565486310124e-05
25.2 -3.3847803279650096e-05
25.240000000000002 -3.363374669666166e-05
25.28 -3.3421379583126694e-05
25.32 -3.3210685963044487e-05
25.36 -3.300165003638829e-05
25.400000000000002 -3.279425617689352e-05
25.44 -3.2588488929877325e-05
25.48 -3.238433301008866e-05
25.52 -3.218177329958883e-05
25.560000000000002 -3.198079484566166e-05
25.6 -3.17813828587532e-05
25.64 -3.158352271043993e-05
25.68 -3.138719993142578e-05
25.72 -3.119240020956682e-05
25.76 -3.0999109387923665e-05
25.8 -3.080731346284094e-05
25.84 -3.061699858205339e-05
25.88 -3.0428151042818332e-05
25.92 -3.0240757290073988e-05
25.96 -3.0054803914623297e-05
26.0 -2.987027765134274e-05
26.04 -2.9687165377415974e-05
26.080000000000002 -2.9505454110591727e-05
26.12 -2.9325131007465724e-05
26.16 -2.9146183361786067e-05
26.2 -2.8968598602781975e-05
26.240000000000002 -2.879236429351533e-05
26.28 -2.8617468129254857e-05
26.32 -2.8443897935872276e-05
26.36 -2.8271641668260533e-05
26.400000000000002 -2.8100687408773426e-05
26.44 -2.7931023365686523e-05
26.48 -2.77626378716788e-05
26.52 -2.7595519382335e-05
26.560000000000002 -2.7429656474668182e-05
26.6 -2.726503784566223e-05
26.64 -2.7101652310833977e-05
26.68 -2.693948880281474e-05
26.72 -2.67785363699509e-05
26.76 -2.6618784174923243e-05
26.8 -2.6460221493384906e-05
26.84 -2.6302837712617363e-05
26.88 -2.614662233020456e-05
26.92 -2.599156495272463e-05
26.96 -2.5837655294459117e-05
27.0 -2.568488317611927e-05
27.04 -2.5533238523589336e-05
27.080000000000002 -2.5382711366686506e-05
27.12 -2.523329183793731e-05
27.16 -2.508497017137011e-05
27.2 -2.4937736701323624e-05
27.240000000000002 -2.4791581861271117e-05
27.28 -2.4646496182660145e-05
27.32 -2.4502470293767417e-05
27.36 -2.4359494918568827e-05
27.400000000000002 -2.4217560875624216e-05
27.44 -2.4076659076976834e-05
27.48 -2.3936780527067013e-05
27.52 -2.3797916321660198e-05
27.560000000000002 -2.3660057646788842e-05
27.6 -2.3523195777708154e-05
27.64 -2.3387322077865322e-05
27.68 -2.3252427997882158e-05
27.72 -2.3118505074550988e-05
27.76 -2.2985544929843407e-05
27.8 -2.285353926993201e-05
27.84 -2.2722479884224538e-05
27.88 -2.2592358644410644e-05
27.92 -2.2463167503520865e-05
27.96 -2.2334898494997672e-05
28.0 -2.2207543731778426e-05
28.04 -2.208109540539011e-05
28.080000000000002 -2.195554578505564e-05
28.12 -2.1830887216811624e-05
28.16 -2.1707112122637256e-05
28.2 -2.158421299959446e-05
28.240000000000002 -2.1462182418978864e-05
28.28 -2.1341013025481634e-05
28.32 -2.122069753636187e-05
28.36 -2.1101228740629516e-05
28.400000000000002 -2.098259949823862e-05
28.44 -2.0864802739290803e-05
28.48 -2.074783146324868e-05
28.52 -2.0631678738159297e-05
28.560000000000002 -2.051633769988728e-05
28.6 -2.040180155135765e-05
28.64 -2.0288063561808072e-05
28.68 -2.017511706605055e-05
28.72 -2.00629554637423e-05
28.76 -1.9951572218665744e-05
28.8 -1.9840960858017548e-05
28.84 -1.9731114971706378e-05
28.88 -1.9622028211659526e-05
28.92 -1.951369429113808e-05
28.96 -1.940610698406064e-05
29.0 -1.9299260124335306e-05
29.04 -1.919314760520008e-05
29.080000000000002 -1.9087763378571282e-05
29.12 -1.8983101454400112e-05
29.16 -1.8879155900037048e-05
29.2 -1.8775920839604118e-05
29.240000000000002 -1.867339045337487e-05
29.28 -1.857155897716198e-05
29.32 -1.847042070171229e-05
29.36 -1.8369969972109323e-05
29.400000000000002 -1.8270201187183052e-05
29.44 -1.8171108798926936e-05
29.48 -1.8072687311921938e-05
29.52 -1.7974931282767693e-05
29.560000000000002 -1.78778353195205e-05
29.6 -1.778139408113817e-05
29.64 -1.7685602276931585e-05
29.68 -1.759045466602292e-05
29.72 -1.7495946056810363e-05
29.76 -1.7402071306439388e-05
29.8 -1.730882532028032e-05
29.84 -1.7216203051412207e-05
29.88 -1.7124199500112926e-05
29.92 -1.7032809713355382e-05
29.96 -1.694202878430979e-05
30.0 -1.6851851851851853e-05
30.04 -1.6762274100076874e-05
30.080000000000002 -1.6673290757819657e-05
30.12 -1.658489709818015e-05
30.16 -1.649708843805469e-05
30.2 -1.6409860137672867e-05
30.240000000000002 -1.6323207600139895e-05
30.28 -1.6237126270984405e-05
30.32 -1.6151611637711556e-05
30.36 -1.6066659229361497e-05
30.400000000000002 -1.5982264616073e-05
30.44 -1.589842340865231e-05
30.48 -1.5815131258146957e-05
30.52 -1.5732383855424715e-05
30.560000000000002 -1.5650176930757427e-05
30.6 -1.5568506253409776e-05
30.64 -1.5487367631232794e-05
30.68 -1.5406756910262238e-05
30.72 -1.532666997432157e-05
30.76 -1.5247102744629634e-05
30.8 -1.5168051179412899e-05
30.84 -1.5089511273522174e-05
30.88 -1.5011479058053852e-05
30.92 -1.4933950599975503e-05
30.96 -1.4856922001755854e-05
31.0 -1.4780389400999004e-05
31.04 -1.470434897008292e-05
31.080000000000002 -1.4628796915802094e-05
31.12 -1.4553729479014345e-05
31.16 -1.4479142934291644e-05
31.2 -1.4405033589575012e-05
31.240000000000002 -1.4331397785833358e-05
31.28 -1.425823189672628e-05
31.32 -1.4185532328270643e-05
31.36 -1.4113295518511084e-05
31.400000000000002 -1.4041517937194201e-05
31.44 -1.3970196085446549e-05
31.48 -1.3899326495456212e-05
31.52 -1.3828905730158089e-05
31.560000000000002 -1.3758930382922725e-05
31.6 -1.3689397077248693e-05
31.64 -1.3620302466458457e-05
31.68 -1.3551643233397684e-05
31.720000000000002 -1.3483416090137976e-05
31.76 -1.3415617777682979e-05
31.8 -1.3348245065677754e-05
31.84 -1.3281294752121492e-05
31.88 -1.3214763663083432e-05
31.92 -1.3148648652421986e-05
31.96 -1.3082946601507038e-05
32.0 -1.3017654418945313e-05
32.04 -1.2952769040308886e-05
32.08 -1.288828742786669e-05
32.12 -1.282420657031905e-05
32.160000000000004 -1.2760523482535155e-05
32.2 -1.269723520529353e-05
32.24 -1.2634338805025286e-05
32.28 -1.2571831373560319e-05
32.32 -1.2509710027876322e-05
32.36 -1.244797190985054e-05
32.4 -1.2386614186014311e-05
32.44 -1.2325634047310326e-05
32.480000000000004 -1.2265028708852555e-05
32.52 -1.2204795409688868e-05
32.56 -1.2144931412566197e-05
32.6 -1.2085434003698372e-05
32.64 -1.2026300492536468e-05
32.68 -1.1967528211541676e-05
32.72 -1.1909114515960695e-05
32.76 -1.185105678360355e-05
32.8 -1.1793352414623888e-05
32.84 -1.1735998831301621e-05
32.88 -1.1678993477828039e-05
32.92 -1.1622333820093126e-05
32.96 -1.1566017345475343e-05
33.0 -1.1510041562633599e-05
33.04 -1.1454404001301535e-05
33.08 -1.1399102212084024e-05
33.12 -1.1344133766255868e-05
33.160000000000004 -1.128949625556271e-05
33.2 -1.1235187292024087e-05
33.24 -1.118120450773857e-05
33.28 -1.1127545554691082e-05
33.32 -1.1074208104562233e-05
33.36 -1.1021189848539745e-05
33.4 -1.0968488497131887e-05
33.44 -1.091610177998293e-05
33.480000000000004 -1.0864027445690553e-05
33.52 -1.0812263261625266e-05
33.56 -1.0760807013751686e-05
33.6 -1.0709656506451785e-05
33.64 -1.0658809562350012e-05
33.68 -1.0608264022140269e-05
33.72 -1.055801774441474e-05
33.76 -1.050806860549455e-05
33.8 -1.0458414499262193e-05
33.84 -1.0409053336995778e-05
33.88 -1.0359983047205037e-05
33.92 -1.0311201575468997e-05
33.96 -1.0262706884275465e-05
34.0 -1.0214496952862154e-05
34.04 -1.0166569777059503e-05
34.08 -1.0118923369135141e-05
34.12 -1.0071555757640018e-05
34.160000000000004 -1.0024464987256108e-05
34.2 -9.977649118645787e-06
34.24 -9.931106228302686e-06
34.28 -9.884834408404207e-06
34.32 -9.838831766665536e-06
34.36 -9.793096426195175e-06
34.4 -9.747626525352018e-06
34.44 -9.70242021760389e-06
34.480000000000004 -9.657475671387552e-06
34.52 -9.61279106997023e-06
34.56 -9.568364611312473e-06
34.6 -9.524194507932529e-06
34.64 -9.4802789867721e-06
34.68 -9.436616289063469e-06
34.72 -9.393204670198024e-06
34.76 -9.350042399596135e-06
34.800000000000004 -9.307127760578366e-06
34.84 -9.264459050238053e-06
34.88 -9.222034579315118e-06
34.92 -9.179852672071274e-06
34.96 -9.137911666166432e-06
35.0 -9.096209912536444e-06
35.04 -9.054745775272048e-06
35.08 -9.013517631499084e-06
35.12 -8.972523871259925e-06
35.160000000000004 -8.93176289739611e-06
35.2 -8.891233125432217e-06
35.24 -8.85093298346085e-06
35.28 -8.810860912028865e-06
35.32 -8.771015364024709e-06
35.36 -8.731394804566935e-06
35.4 -8.691997710893823e-06
35.44 -8.652822572254144e-06
35.480000000000004 -8.613867889799e-06
35.52 -8.575132176474811e-06
35.56 -8.536613956917306e-06
35.6 -8.498311767346657e-06
35.64 -8.460224155463634e-06
35.68 -8.42234968034681e-06
35.72 -8.384686912350807e-06
35.76 -8.34723443300556e-06
35.800000000000004 -8.309990834916584e-06
35.84 -8.272954721666284e-06
35.88 -8.236124707716171e-06
35.92 -8.19949941831014e-06
35.96 -8.16307748937867e-06
36.0 -8.126857567443988e-06
36.04 -8.090838309526184e-06
36.08 -8.05501838305026e-06
36.12 -8.0193964657541e-06
36.160000000000004 -7.98397124559735e-06
36.2 -7.948741420671235e-06
36.24 -7.913705699109211e-06
36.28 -7.878862798998557e-06
36.32 -7.844211448292816e-06
36.36 -7.809750384725107e-06
36.4 -7.77547835572229e-06
36.44 -7.741394118319985e-06
36.480000000000004 -7.707496439078413e-06
36.52 -7.673784093999102e-06
36.56 -7.64025586844235e-06
36.6 -7.606910557045546e-06
36.64 -7.573746963642298e-06
36.68 -7.540763901182311e-06
36.72 -7.507960191652093e-06
36.76 -7.475334665996398e-06
36.800000000000004 -7.44288616404047e-06
36.84 -7.410613534413035e-06
36.88 -7.378515634470021e-06
36.92 -7.346591330219048e-06
36.96 -7.314839496244647e-06
37.0 -7.283259015634196e-06
37.04 -7.251848779904586e-06
37.08 -7.220607688929586e-06
37.12 -7.189534650867921e-06
37.160000000000004 -7.158628582092035e-06
37.2 -7.127888407117572e-06
37.24 -7.097313058533484e-06
37.28 -7.0669014769328585e-06
37.32 -7.036652610844402e-06
37.36 -7.006565416664572e-06
37.4 -6.976638858590367e-06
37.44 -6.946871908552765e-06
37.480000000000004 -6.91726354615079e-06
37.52 -6.88781275858624e-06
37.56 -6.858518540598984e-06
37.6 -6.829379894402933e-06
37.64 -6.800395829622592e-06
37.68 -6.771565363230231e-06
37.72 -6.742887519483641e-06
37.76 -6.7143613298645e-06
37.800000000000004 -6.6859858330172996e-06
37.84 -6.657760074688896e-06
37.88 -6.629683107668574e-06
37.92 -6.60175399172873e-06
37.96 -6.573971793566091e-06
38.0 -6.546335586743503e-06
38.04 -6.518844451632255e-06
38.08 -6.491497475354962e-06
38.12 -6.4642937517289786e-06
38.160000000000004 -6.437232381210335e-06
38.2 -6.410312470838242e-06
38.24 -6.383533134180055e-06
38.28 -6.356893491276804e-06
38.32 -6.330392668589217e-06
38.36 -6.3040297989442495e-06
38.4 -6.2778040214821146e-06
38.44 -6.251714481603815e-06
38.480000000000004 -6.225760330919144e-06
38.52 -6.199940727195214e-06
38.56 -6.174254834305408e-06
38.6 -6.148701822178856e-06
38.64 -6.1232808667503544e-06
38.68 -6.097991149910758e-06
38.72 -6.0728318594578376e-06
38.76 -6.047802189047583e-06
38.800000000000004 -6.022901338145961e-06
38.84 -5.998128511981135e-06
38.88 -5.973482921496097e-06
38.92 -5.948963783301751e-06
38.96 -5.9245703196304504e-06
39.0 -5.900301758289924e-06
39.04 -5.8761573326176585e-06
39.08 -5.852136281435683e-06
39.12 -5.828237849005777e-06
39.160000000000004 -5.8044612849850805e-06
39.2 -5.7808058443821374e-06
39.24 -5.757270787513296e-06
39.28 -5.733855379959546e-06
39.32 -5.7105588925237454e-06
39.36 -5.687380601188216e-06
39.4 -5.664319787072754e-06
39.44 -5.641375736393004e-06
39.480000000000004 -5.618547740419212e-06
39.52 -5.595835095435383e-06
39.56 -5.573237102698756e-06
39.6 -5.550753068399689e-06
39.64 -5.5283823036219095e-06
39.68 -5.506124124303089e-06
39.72 -5.4839778511958126e-06
39.76 -5.461942809828882e-06
39.800000000000004 -5.4400183304689604e-06
39.84 -5.418203748082603e-06
39.88 -5.396498402298569e-06
39.92 -5.37490163737052e-06
39.96 -5.353412802140045e-06
40.0 -5.3320312500000004e-06
40.04 -5.310756338858198e-06
40.08 -5.289587431101412e-06
40.12 -5.268523893559702e-06
40.160000000000004 -5.247565097471062e-06
40.2 -5.2267104184464005e-06
40.24 -5.20595923643479e-06
40.28 -5.185310935689077e-06
40.32 -5.164764904731764e-06
40.36 -5.144320536321214e-06
40.4 -5.123977227418142e-06
40.44 -5.1037343791524204e-06
40.480000000000004 -5.083591396790158e-06
40.52 -5.0635476897011014e-06
40.56 -5.043602671326287e-06
40.6 -5.023755759146008e-06
40.64 -5.00400637464806e-06
40.68 -4.9843539432962595e-06
40.72 -4.9647978944992426e-06
40.76 -4.9453376615795425e-06
40.800000000000004 -4.925972681742935e-06
40.84 -4.906702396048069e-06
40.88 -4.88752624937633e-06
40.92 -4.868443690402004e-06
40.96 -4.849454171562684e-06
41.0 -4.830557149029943e-06
41.04 -4.811752082680261e-06
41.08 -4.793038436066209e-06
41.12 -4.774415676387877e-06
41.160000000000004 -4.755883274464559e-06
41.2 -4.7374407047067e-06
41.24 -4.719087445088041e-06
41.28 -4.700822977118063e-06
41.32 -4.68264678581463e-06
41.36 -4.664558359676889e-06
41.4 -4.646557190658403e-06
41.44 -4.628642774140509e-06
41.480000000000004 -4.6108146089059115e-06
41.52 -4.593072197112523e-06
41.56 -4.5754150442674864e-06
41.6 -4.557842659201467e-06
41.64 -4.5403545540431435e-06
41.68 -4.522950244193922e-06
41.72 -4.505629248302875e-06
41.76 -4.488391088241885e-06
41.800000000000004 -4.471235289081005e-06
41.84 -4.454161379064054e-06
41.88 -4.437168889584369e-06
41.92 -4.420257355160822e-06
41.96 -4.4034263134140095e-06
42.0 -4.386675305042652e-06
42.04 -4.370003873800202e-06
42.08 -4.353411566471645e-06
42.12 -4.3368979328504995e-06
42.160000000000004 -4.320462525716013e-06
42.2 -4.304104900810565e-06
42.24 -4.2878246168172345e-06
42.28 -4.271621235337584e-06
42.32 -4.2554943208696215e-06
42.36 -4.239443440785949e-06
42.4 -4.223468165312103e-06
42.44 -4.207568067505066e-06
42.480000000000004 -4.191742723231973e-06
42.52 -4.175991711148996e-06
42.56 -4.160314612680394e-06
42.6 -4.144711011997753e-06
42.64 -4.129180495999398e-06
42.68 -4.113722654289982e-06
42.72 -4.098337079160234e-06
42.76 -4.0830233655668875e-06
42.800000000000004 -4.067781111112779e-06
42.84 -4.052609916027117e-06
42.88 -4.03750938314589e-06
42.92 -4.022479117892475e-06
42.96 -4.007518728258384e-06
43.0 -3.992627824784186e-06
43.04 -3.977806020540571e-06
43.08 -3.96305293110959e-06
43.12 -3.948368174566041e-06
43.160000000000004 -3.9337513714590125e-06
43.2 -3.919202144793588e-06
43.24 -3.904720120012683e-06
43.28 -3.890304924979051e-06
43.32 -3.875956189957437e-06
43.36 -3.86167354759687e-06
43.4 -3.84745663291311e-06
43.44 -3.833305083271239e-06
43.480000000000004 -3.819218538368384e-06
43.52 -3.8051966402166156e-06
43.56 -3.7912390331259405e-06
43.6 -3.7773453636874737e-06
43.64 -3.76351528075673e-06
43.68 -3.74974843543706e-06
43.72 -3.7360444810632194e-06
43.76 -3.7224030731850718e-06
43.800000000000004 -3.7088238695514287e-06
43.84 -3.6953065300940276e-06
43.88 -3.6818507169116207e-06
43.92 -3.6684560942542178e-06
43.96 -3.6551223285074456e-06
44.0 -3.6418490881770373e-06
44.04 -3.6286360438734463e-06
44.08 -3.615482868296591e-06
44.12 -3.602389236220719e-06
44.160000000000004 -3.589354824479394e-06
44.2 -3.576379311950615e-06
44.24 -3.5634623795420387e-06
44.28 -3.550603710176334e-06
44.32 -3.537802988776658e-06
44.36 -3.5250599022522387e-06
44.4 -3.5123741394840843e-06
44.44 -3.4997453913108003e-06
44.480000000000004 -3.487173350514527e-06
44.52 -3.474657711806995e-06
44.56 -3.462198171815673e-06
44.6 -3.4497944290700526e-06
44.64 -3.4374461839880278e-06
44.68 -3.4251531388623874e-06
44.72 -3.4129149978474205e-06
44.76 -3.400731466945622e-06
44.800000000000004 -3.3886022539945095e-06
44.84 -3.3765270686535525e-06
44.88 -3.3645056223911865e-06
44.92 -3.352537628471952e-06
44.96 -3.340622801943726e-06
45.0 -3.328760859625057e-06
45.04 -3.3169515200926024e-06
45.08 -3.3051945036686633e-06
45.12 -3.293489532408823e-06
45.160000000000004 -3.2818363300896766e-06
45.2 -3.270234622196675e-06
45.24 -3.2586841359120368e-06
45.28 -3.247184600102784e-06
45.32 -3.2357357453088593e-06
45.36 -3.224337303731338e-06
45.4 -3.2129890092207375e-06
45.44 -3.2016905972654155e-06
45.480000000000004 -3.190441804980059e-06
45.52 -3.1792423710942744e-06
45.56 -3.1680920359412486e-06
45.6 -3.1569905414465192e-06
45.64 -3.1459376311168194e-06
45.68 -3.1349330500290207e-06
45.72 -3.1239765448191525e-06
45.76 -3.113067863671518e-06
45.800000000000004 -3.102206756307884e-06
45.84 -3.091392973976776e-06
45.88 -3.080626269442825e-06
45.92 -3.069906396976229e-06
45.96 -3.0592331123422806e-06
46.0 -3.048606172790978e-06
46.04 -3.0380253370467218e-06
46.08 -3.027490365298088e-06
46.12 -3.017001019187683e-06
46.160000000000004 -3.0065570618020734e-06
46.2 -2.9961582576618066e-06
46.24 -2.9858043727114874e-06
46.28 -2.9754951743099533e-06
46.32 -2.9652304312205136e-06
46.36 -2.9550099136012684e-06
46.4 -2.9448333929954998e-06
46.44 -2.9347006423221453e-06
46.480000000000004 -2.9246114358663284e-06
46.52 -2.9145655492699882e-06
46.56 -2.9045627595225514e-06
46.6 -2.8946028449516986e-06
46.64 -2.884685585214194e-06
46.68 -2.874810761286785e-06
46.72 -2.8649781554571714e-06
46.76 -2.8551875513150476e-06
46.800000000000004 -2.8454387337432105e-06
46.84 -2.8357314889087407e-06
46.88 -2.826065604254238e-06
46.92 -2.816440868489142e-06
46.96 -2.806857071581105e-06
47.0 -2.7973140047474416e-06
47.04 -2.7878114604466336e-06
47.08 -2.7783492323699078e-06
47.12 -2.768927115432872e-06
47.160000000000004 -2.7595449057672193e-06
47.2 -2.7502024007124976e-06
47.24 -2.740899398807931e-06
47.28 -2.731635699784314e-06
47.32 -2.7224111045559636e-06
47.36 -2.713225415212734e-06
47.4 -2.7040784350120887e-06
47.44 -2.694969968371234e-06
47.480000000000004 -2.685899820859314e-06
47.52 -2.676867799189665e-06
47.56 -2.6678737112121224e-06
47.6 -2.658917365905392e-06
47.64 -2.6499985733694777e-06
47.68 -2.6411171448181647e-06
47.72 -2.63227289257156e-06
47.76 -2.6234656300486904e-06
47.800000000000004 -2.6146951717601503e-06
47.84 -2.60596133330082e-06
47.88 -2.5972639313426145e-06
47.92 -2.58860278362731e-06
47.96 -2.5799777089594112e-06
48.0 -2.571388527199074e-06
48.04 -2.562835059255086e-06
48.08 -2.5543171270778925e-06
48.120000000000005 -2.5458345536526784e-06
48.160000000000004 -2.537387162992507e-06
48.2 -2.5289747801314953e-06
48.24 -2.520597231118056e-06
48.28 -2.5122543430081804e-06
48.32 -2.5039459438587747e-06
48.36 -2.4956718627210447e-06
48.4 -2.4874319296339307e-06
48.44 -2.4792259756175897e-06
48.480000000000004 -2.4710538326669272e-06
48.52 -2.4629153337451787e-06
48.56 -2.454810312777531e-06
48.6 -2.446738604644801e-06
48.64 -2.4387000451771554e-06
48.68 -2.4306944711478753e-06
48.72 -2.4227217202671725e-06
48.76 -2.414781631176048e-06
48.800000000000004 -2.4068740434401918e-06
48.84 -2.39899879754394e-06
48.88 -2.391155734884259e-06
48.92 -2.383344697764788e-06
48.96 -2.3755655293899193e-06
49.0 -2.3678180738589243e-06
49.04 -2.360102176160119e-06
49.08 -2.3524176821650754e-06
49.120000000000005 -2.3447644386228745e-06
49.160000000000004 -2.3371422931544052e-06
49.2 -2.3295510942466924e-06
49.24 -2.321990691247282e-06
49.28 -2.314460934358658e-06
49.32 -2.3069616746326995e-06
49.36 -2.2994927639651863e-06
49.4 -2.2920540550903343e-06
49.44 -2.2846454015753767e-06
49.480000000000004 -2.2772666578151835e-06
49.52 -2.2699176790269216e-06
49.56 -2.262598321244747e-06
49.6 -2.255308441314545e-06
49.64 -2.2480478968887e-06
49.68 -2.2408165464209117e-06
49.72 -2.2336142491610383e-06
49.76 -2.226440865149987e-06
49.800000000000004 -2.219296255214634e-06
49.84 -2.212180280962791e-06
49.88 -2.205092804778189e-06
49.92 -2.198033689815522e-06
49.96 -2.1910027999955097e-06
50.0 -2.184e-06
50.04 -2.17702515526711e-06
50.08 -2.1700781319863984e-06
50.120000000000005 -2.1631587970940713e-06
50.160000000000004 -2.156267018268232e-06
50.2 -2.1494026639241474e-06
50.24 -2.1425656032095647e-06
50.28 -2.1357557060000534e-06
50.32 -2.1289728428943827e-06
50.36 -2.1222168852099315e-06
50.4 -2.115487704978131e-06
50.44 -2.108785174939941e-06
50.480000000000004 -2.1021091685413535e-06
50.52 -2.095459559928941e-06
50.56 -2.0888362239454184e-06
50.6 -2.0822390361252494e-06
50.64 -2.0756678726902804e-06
50.68 -2.0691226105454078e-06
50.72 -2.062603127274268e-06
50.76 -2.05610930113497e-06
50.800000000000004 -2.049641011055845e-06
50.84 -2.0431981366312413e-06
50.88 -2.036780558117333e-06
50.92 -2.0303881564279667e-06
50.96 -2.0240208131305414e-06
51.0 -2.0176784104419073e-06
51.04 -2.0113608312243018e-06
51.08 -2.00506795898131e-06
51.120000000000005 -1.998799677853854e-06
51.160000000000004 -1.9925558726162154e-06
51.2 -1.986336428672075e-06
51.24 -1.98014123205059e-06
51.28 -1.973970169402496e-06
51.32 -1.967823127996235e-06
51.36 -1.9616999957141113e-06
51.4 -1.955600661048474e-06
51.44 -1.9495250130979265e-06
51.480000000000004 -1.9434729415635616e-06
51.52 -1.937444336745229e-06
51.56 -1.931439089537814e-06
51.6 -1.925457091427559e-06
51.64 -1.9194982344884006e-06
51.68 -1.913562411378337e-06
51.72 -1.9076495153358137e-06
51.76 -1.9017594401761458e-06
51.800000000000004 -1.8958920802879512e-06
51.84 -1.8900473306296242e-06
51.88 -1.8842250867258162e-06
51.92 -1.878425244663956e-06
51.96 -1.8726477010907852e-06
52.0 -1.8668923532089213e-06
52.04 -1.8611590987734427e-06
52.08 -1.8554478360884984e-06
52.120000000000005 -1.8497584640039406e-06
52.160000000000004 -1.844090881911983e-06
52.2 -1.8384449897438752e-06
52.24 -1.8328206879666078e-06
52.28 -1.8272178775796367e-06
52.32 -1.8216364601116292e-06
52.36 -1.816076337617234e-06
52.4 -1.8105374126738734e-06
52.44 -1.8050195883785549e-06
52.480000000000004 -1.7995227683447082e-06
52.52 -1.7940468566990443e-06
52.56 -1.7885917580784286e-06
52.6 -1.7831573776267853e-06
52.64 -1.7777436209920172e-06
52.68 -1.7723503943229476e-06
52.72 -1.7669776042662833e-06
52.76 -1.761625157963599e-06
52.800000000000004 -1.7562929630483391e-06
52.84 -1.750980927642848e-06
52.88 -1.7456889603554077e-06
52.92 -1.7404169702773068e-06
52.96 -1.735164866979925e-06
53.0 -1.7299325605118371e-06
53.04 -1.7247199613959376e-06
53.08 -1.7195269806265846e-06
53.120000000000005 -1.7143535296667614e-06
53.160000000000004 -1.7091995204452622e-06
53.2 -1.7040648653538894e-06
53.24 -1.6989494772446758e-06
53.28 -1.6938532694271236e-06
53.32 -1.6887761556654615e-06
53.36 -1.6837180501759212e-06
53.4 -1.6786788676240316e-06
53.44 -1.6736585231219312e-06
53.480000000000004 -1.6686569322256981e-06
53.52 -1.6636740109327027e-06
53.56 -1.6587096756789678e-06
53.6 -1.6537638433365567e-06
53.64 -1.6488364312109742e-06
53.68 -1.6439273570385852e-06
53.72 -1.6390365389840518e-06
53.76 -1.634163895637785e-06
53.800000000000004 -1.6293093460134172e-06
53.84 -1.6244728095452893e-06
53.88 -1.6196542060859538e-06
53.92 -1.6148534559036948e-06
53.96 -1.610070479680069e-06
54.0 -1.6053051985074544e-06
54.04 -1.6005575338866247e-06
54.08 -1.5958274077243335e-06
54.120000000000005 -1.5911147423309148e-06
54.160000000000004 -1.5864194604179066e-06
54.2 -1.5817414850956775e-06
54.24 -1.577080739871082e-06
54.28 -1.5724371486451226e-06
54.32 -1.5678106357106318e-06
54.36 -1.5632011257499681e-06
54.4 -1.5586085438327265e-06
54.44 -1.5540328154134645e-06
54.480000000000004 -1.5494738663294448e-06
54.52 -1.5449316227983914e-06
54.56 -1.540406011416259e-06
54.6 -1.5358969591550196e-06
54.64 -1.5314043933604636e-06
54.68 -1.526928241750013e-06
54.72 -1.5224684324105517e-06
54.76 -1.5180248937962685e-06
54.800000000000004 -1.5135975547265135e-06
54.84 -1.5091863443836738e-06
54.88 -1.504791192311052e-06
54.92 -1.5004120284107723e-06
54.96 -1.4960487829416883e-06
55.0 -1.4917013865173144e-06
55.04 -1.4873697701037624e-06
55.08 -1.4830538650176974e-06
55.120000000000005 -1.4787536029243026e-06
55.160000000000004 -1.4744689158352645e-06
55.2 -1.4701997361067596e-06
55.24 -1.4659459964374667e-06
55.28 -1.4617076298665826e-06
55.32 -1.4574845697718563e-06
55.36 -1.4532767498676349e-06
55.4 -1.4490841042029194e-06
55.44 -1.4449065671594367e-06
55.480000000000004 -1.440744073449721e-06
55.52 -1.436596558115213e-06
55.56 -1.4324639565243625e-06
55.6 -1.4283462043707506e-06
55.64 -1.4242432376712233e-06
55.68 -1.4201549927640336e-06
55.72 -1.4160814063069978e-06
55.76 -1.4120224152756653e-06
55.800000000000004 -1.4079779569614959e-06
55.84 -1.403947968970054e-06
55.88 -1.39993238921921e-06
55.92 -1.3959311559373545e-06
55.96 -1.3919442076616273e-06
56.0 -1.3879714832361516e-06
56.04 -1.3840129218102859e-06
56.08 -1.380068462836882e-06
56.120000000000005 -1.3761380460705568e-06
56.160000000000004 -1.3722216115659776e-06
56.2 -1.36831909967615e-06
56.24 -1.3644304510507265e-06
56.28 -1.3605556066343195e-06
56.32 -1.3566945076648285e-06
56.36 -1.3528470956717757e-06
56.4 -1.3490133124746537e-06
56.44 -1.3451931001812829e-06
56.480000000000004 -1.341386401186179e-06
56.52 -1.337593158168934e-06
56.56 -1.3338133140926021e-06
56.6 -1.3300468122021003e-06
56.64 -1.3262935960226168e-06
56.68 -1.3225536093580317e-06
56.72 -1.3188267962893447e-06
56.76 -1.315113101173116e-06
56.800000000000004 -1.3114124686399137e-06
56.84 -1.3077248435927757e-06
56.88 -1.3040501712056752e-06
56.92 -1.300388396922e-06
56.96 -1.2967394664530426e-06
57.0 -1.2931033257764944e-06
57.04 -1.289479921134956e-06
57.08 -1.2858691990344518e-06
57.120000000000005 -1.282271106242955e-06
57.160000000000004 -1.2786855897889261e-06
57.2 -1.2751125969598531e-06
57.24 -1.2715520753008072e-06
57.28 -1.2680039726130045e-06
57.32 -1.2644682369523785e-06
57.36 -1.2609448166281594e-06
57.4 -1.2574336602014638e-06
57.44 -1.2539347164838937e-06
57.480000000000004 -1.250447934536141e-06
57.52 -1.246973263666609e-06
57.56 -1.2435106534300283e-06
57.6 -1.2400600536260967e-06
57.64 -1.236621414298117e-06
57.68 -1.2331946857316486e-06
57.72 -1.2297798184531649e-06
57.76 -1.2263767632287204e-06
57.800000000000004 -1.222985471062625e-06
57.84 -1.21960589319613e-06
57.88 -1.2162379811061147e-06
57.92 -1.21288168650379e-06
57.96 -1.2095369613334033e-06
58.0 -1.2062037577709566e-06
58.04 -1.2028820282229283e-06
58.08 -1.199571725325005e-06
58.120000000000005 -1.1962728019408205e-06
58.160000000000004 -1.1929852111607051e-06
58.2 -1.189708906300437e-06
58.24 -1.186443840900007e-06
58.28 -1.1831899687223889e-06
58.32 -1.1799472437523155e-06
58.36 -1.1767156201950662e-06
58.4 -1.1734950524752574e-06
58.44 -1.1702854952356448e-06
58.480000000000004 -1.1670869033359293e-06
58.52 -1.163899231851574e-06
58.56 -1.1607224360726238e-06
58.6 -1.157556471502536e-06
58.64 -1.154401293857018e-06
58.68 -1.151256859062869e-06
58.72 -1.1481231232568327e-06
58.76 -1.145000042784453e-06
58.800000000000004 -1.1418875741989408e-06
58.84 -1.1387856742600458e-06
58.88 -1.1356942999329335e-06
58.92 -1.132613408387071e-06
58.96 -1.1295429569951211e-06
59.0 -1.1264829033318394e-06
59.04 -1.1234332051729808e-06
59.08 -1.1203938204942125e-06
59.120000000000005 -1.1173647074700312e-06
59.160000000000004 -1.1143458244726917e-06
59.2 -1.1113371300711356e-06
59.24 -1.1083385830299328e-06
59.28 -1.105350142308224e-06
59.32 -1.1023717670586752e-06
59.36 -1.0994034166264324e-06
59.4 -1.0964450505480872e-06
59.44 -1.0934966285506477e-06
59.480000000000004 -1.0905581105505139e-06
59.52 -1.0876294566524617e-06
59.56 -1.0847106271486309e-06
59.6 -1.08180158251752e-06
59.64 -1.0789022834229886e-06
59.68 -1.076012690713263e-06
59.72 -1.0731327654199506e-06
59.76 -1.0702624687570579e-06
59.800000000000004 -1.0674017621200159e-06
59.84 -1.0645506070847114e-06
59.88 -1.0617089654065224e-06
59.92 -1.0588767990193618e-06
59.96 -1.0560540700347243e-06
60.0 -1.0532407407407408e-06
60.04 -1.0504367736012384e-06
60.08 -1.0476421312548046e-06
60.120000000000005 -1.0448567765138587e-06
60.160000000000004 -1.0420806723637286e-06
60.2 -1.0393137819617308e-06
60.24 -1.0365560686362594e-06
60.28 -1.033807495885878e-06
60.32 -1.031068027378418e-06
60.36 -1.0283376269500824e-06
60.4 -1.0256162586045542e-06
60.44 -1.022903886512111e-06
60.480000000000004 -1.0202004750087434e-06
60.52 -1.0175059885952824e-06
60.56 -1.0148203919365253e-06
60.6 -1.0121436498603736e-06
60.64 -1.0094757273569723e-06
60.68 -1.0068165895778545e-06
60.72 -1.0041662018350935e-06
60.76 -1.0015245296004557e-06
60.800000000000004 -9.988915385045626e-07
60.84 -9.962671943360566e-07
60.88 -9.936514630407693e-07
60.92 -9.910443107208978e-07
60.96 -9.884457036341848e-07
61.0 -9.858556081931028e-07
61.04 -9.832739909640447e-07
61.08 -9.807008186665169e-07
61.120000000000005 -9.781360581723392e-07
61.160000000000004 -9.755796765048496e-07
61.2 -9.73031640838111e-07
61.24 -9.704919184961247e-07
61.28 -9.679604769520497e-07
61.32 -9.654372838274234e-07
61.36 -9.629223068913899e-07
61.4 -9.604155140599298e-07
61.44 -9.579168733950982e-07
61.480000000000004 -9.55426353104263e-07
61.52 -9.529439215393521e-07
61.56 -9.504695471961008e-07
61.6 -9.480031987133062e-07
61.64 -9.455448448720848e-07
61.68 -9.430944545951359e-07
61.72 -9.406519969460071e-07
61.76 -9.382174411283658e-07
61.800000000000004 -9.35790756485274e-07
61.84 -9.333719124984689e-07
61.88 -9.309608787876446e-07
61.92 -9.285576251097409e-07
61.96 -9.261621213582351e-07
62.0 -9.237743375624377e-07
62.04 -9.213942438867929e-07
62.08 -9.190218106301825e-07
62.120000000000005 -9.166570082252332e-07
62.160000000000004 -9.142998072376309e-07
62.2 -9.119501783654344e-07
62.24 -9.096080924383966e-07
62.28 -9.072735204172888e-07
62.32 -9.049464333932277e-07
62.36 -9.026268025870083e-07
62.4 -9.003145993484382e-07
62.440000000000005 -8.98009795155678e-07
62.480000000000004 -8.957123616145849e-07
62.52 -8.934222704580586e-07
62.56 -8.911394935453925e-07
62.6 -8.888640028616284e-07
62.64 -8.865957705169152e-07
62.68 -8.843347687458696e-07
62.72 -8.820809699069427e-07
62.76 -8.798343464817887e-07
62.800000000000004 -8.775948710746376e-07
62.84 -8.753625164116729e-07
62.88 -8.731372553404093e-07
62.92 -8.709190608290781e-07
62.96 -8.687079059660133e-07
63.0 -8.665037639590424e-07
63.04 -8.643066081348805e-07
63.08 -8.621164119385281e-07
63.120000000000005 -8.599331489326703e-07
63.160000000000004 -8.577567927970842e-07
63.2 -8.555873173280433e-07
63.24 -8.534246964377311e-07
63.28 -8.512689041536535e-07
63.32 -8.491199146180583e-07
63.36 -8.469777020873553e-07
63.4 -8.448422409315402e-07
63.440000000000005 -8.427135056336235e-07
63.480000000000004 -8.405914707890608e-07
63.52 -8.384761111051862e-07
63.56 -8.3636740140065e-07
63.6 -8.342653166048596e-07
63.64 -8.321698317574225e-07
63.68 -8.300809220075933e-07
63.72 -8.279985626137235e-07
63.76 -8.259227289427145e-07
63.800000000000004 -8.238533964694736e-07
63.84 -8.217905407763741e-07
63.88 -8.197341375527154e-07
63.92 -8.176841625941899e-07
63.96 -8.156405918023504e-07
64.0 -8.13603401184082e-07
64.04 -8.115725668510754e-07
64.08 -8.095480650193054e-07
64.12 -8.075298720085081e-07
64.16 -8.055179642416681e-07
64.2 -8.035123182444998e-07
64.24 -8.015129106449406e-07
64.28 -7.995197181726377e-07
64.32000000000001 -7.975327176584472e-07
64.36 -7.955518860339292e-07
64.4 -7.935772003308457e-07
64.44 -7.916086376806689e-07
64.48 -7.896461753140804e-07
64.52 -7.876897905604857e-07
64.56 -7.857394608475199e-07
64.6 -7.837951637005669e-07
64.64 -7.818568767422702e-07
64.68 -7.79924577692057e-07
64.72 -7.779982443656587e-07
64.76 -7.760778546746326e-07
64.8 -7.741633866258944e-07
64.84 -7.722548183212424e-07
64.88 -7.703521279568954e-07
64.92 -7.684552938230224e-07
64.96000000000001 -7.665642943032847e-07
65.0 -7.646791078743742e-07
65.04 -7.627997131055542e-07
65.08 -7.609260886582093e-07
65.12 -7.590582132853873e-07
65.16 -7.571960658313557e-07
65.2 -7.553396252311483e-07
65.24 -7.53488870510126e-07
65.28 -7.516437807835292e-07
65.32000000000001 -7.498043352560423e-07
65.36 -7.479705132213548e-07
65.4 -7.46142294061723e-07
65.44 -7.443196572475434e-07
65.48 -7.425025823369159e-07
65.52 -7.406910489752218e-07
65.56 -7.38885036894693e-07
65.6 -7.37084525913993e-07
65.64 -7.352894959377918e-07
65.68 -7.334999269563513e-07
65.72 -7.317157990451072e-07
65.76 -7.299370923642524e-07
65.8 -7.281637871583304e-07
65.84 -7.263958637558204e-07
65.88 -7.246333025687347e-07
65.92 -7.228760840922089e-07
65.96000000000001 -7.211241889041032e-07
66.0 -7.193775976645999e-07
66.04 -7.176362911158029e-07
66.08 -7.159002500813459e-07
66.12 -7.141694554659929e-07
66.16 -7.124438882552515e-07
66.2 -7.107235295149771e-07
66.24 -7.090083603909917e-07
66.28 -7.072983621086918e-07
66.32000000000001 -7.055935159726694e-07
66.36 -7.038938033663286e-07
66.4 -7.021992057515054e-07
66.44 -7.005097046680924e-07
66.48 -6.988252817336607e-07
66.52 -6.971459186430898e-07
66.56 -6.954715971681926e-07
66.6 -6.938022991573501e-07
66.64 -6.921380065351396e-07
66.68 -6.904787013019734e-07
66.72 -6.88824365533734e-07
66.76 -6.871749813814103e-07
66.8 -6.85530531070743e-07
66.84 -6.838909969018613e-07
66.88 -6.822563612489331e-07
66.92 -6.80626606559806e-07
66.96000000000001 -6.790017153556596e-07
67.0 -6.773816702306537e-07
67.04 -6.757664538515791e-07
67.08 -6.741560489575152e-07
67.12 -6.725504383594804e-07
67.16 -6.709496049400952e-07
67.2 -6.693535316532366e-07
67.24 -6.677622015237035e-07
67.28 -6.661755976468757e-07
67.32000000000001 -6.645937031883823e-07
67.36 -6.630165013837668e-07
67.4 -6.614439755381534e-07
67.44 -6.598761090259213e-07
67.48 -6.583128852903726e-07
67.52 -6.567542878434093e-07
67.56 -6.552003002652052e-07
67.6 -6.536509062038871e-07
67.64 -6.521060893752087e-07
67.68 -6.505658335622361e-07
67.72 -6.490301226150273e-07
67.76 -6.474989404503148e-07
67.8 -6.459722710511953e-07
67.84 -6.444500984668123e-07
67.88 -6.429324068120495e-07
67.92 -6.414191802672166e-07
67.96000000000001 -6.39910403077746e-07
68.0 -6.384060595538846e-07
68.04 -6.369061340703876e-07
68.08 -6.35410611066219e-07
68.12 -6.339194750442466e-07
68.16 -6.324327105709463e-07
68.2 -6.309503022760997e-07
68.24 -6.294722348525011e-07
68.28 -6.279984930556593e-07
68.32000000000001 -6.265290617035067e-07
68.36 -6.25063925676107e-07
68.4 -6.236030699153617e-07
68.44 -6.221464794247262e-07
68.48 -6.206941392689179e-07
68.52 -6.192460345736338e-07
68.56 -6.178021505252629e-07
68.60000000000001 -6.163624723706067e-07
68.64 -6.14926985416596e-07
68.68 -6.134956750300092e-07
68.72 -6.120685266371984e-07
68.76 -6.106455257238075e-07
68.8 -6.092266578345012e-07
68.84 -6.078119085726861e-07
68.88 -6.064012636002431e-07
68.92 -6.049947086372513e-07
68.96000000000001 -6.03592229461722e-07
69.0 -6.02193811909329e-07
69.04 -6.007994418731394e-07
69.08 -5.994091053033522e-07
69.12 -5.980227882070296e-07
69.16 -5.966404766478379e-07
69.2 -5.952621567457831e-07
69.24 -5.938878146769532e-07
69.28 -5.925174366732563e-07
69.32000000000001 -5.911510090221666e-07
69.36 -5.897885180664668e-07
69.4 -5.884299502039912e-07
69.44 -5.870752918873765e-07
69.48 -5.85724529623805e-07
69.52 -5.843776499747584e-07
69.56 -5.830346395557635e-07
69.60000000000001 -5.816954850361479e-07
69.64 -5.803601731387911e-07
69.68 -5.790286906398783e-07
69.72 -5.777010243686576e-07
69.76 -5.763771612071949e-07
69.8 -5.750570880901345e-07
69.84 -5.737407920044546e-07
69.88 -5.724282599892326e-07
69.92 -5.71119479135402e-07
69.96000000000001 -5.698144365855197e-07
70.0 -5.685131195335277e-07
70.04 -5.672155152245183e-07
70.08 -5.65921610954503e-07
70.12 -5.646313940701771e-07
70.16 -5.633448519686927e-07
70.2 -5.620619720974245e-07
70.24 -5.607827419537453e-07
70.28 -5.595071490847949e-07
70.32000000000001 -5.582351810872568e-07
70.36 -5.56966825607132e-07
70.4 -5.557020703395136e-07
70.44 -5.544409030283666e-07
70.48 -5.531833114663032e-07
70.52 -5.51929283494366e-07
70.56 -5.50678807001804e-07
70.60000000000001 -5.494318699258588e-07
70.64 -5.481884602515443e-07
70.68 -5.469485660114312e-07
70.72 -5.457121752854334e-07
70.76 -5.444792762005917e-07
70.8 -5.43249856930864e-07
70.84 -5.4202390569691e-07
70.88 -5.40801410765884e-07
70.92 -5.395823604512224e-07
70.96000000000001 -5.383667431124375e-07
71.0 -5.371545471549088e-07
71.04 -5.359457610296757e-07
71.08 -5.347403732332346e-07
71.12 -5.335383723073316e-07
71.16 -5.323397468387622e-07
71.2 -5.311444854591661e-07
71.24 -5.299525768448285e-07
71.28 -5.287640097164771e-07
71.32000000000001 -5.275787728390861e-07
71.36 -5.263968550216757e-07
71.4 -5.252182451171143e-07
71.44 -5.240429320219254e-07
71.48 -5.228709046760883e-07
71.52 -5.217021520628475e-07
71.56 -5.20536663208516e-07
71.60000000000001 -5.193744271822865e-07
71.64 -5.182154330960375e-07
71.68 -5.170596701041427e-07
71.72 -5.159071274032843e-07
71.76 -5.147577942322607e-07
71.8 -5.136116598718027e-07
71.84 -5.124687136443838e-07
71.88 -5.113289449140368e-07
71.92 -5.101923430861668e-07
71.96000000000001 -5.090588976073701e-07
72.0 -5.079285979652492e-07
72.04 -5.068014336882308e-07
72.08 -5.056773943453865e-07
72.12 -5.045564695462501e-07
72.16 -5.034386489406412e-07
72.2 -5.023239222184837e-07
72.24 -5.012122791096313e-07
72.28 -5.001037093836877e-07
72.32000000000001 -4.989982028498343e-07
72.36 -4.978957493566531e-07
72.4 -4.967963387919522e-07
72.44 -4.956999610825952e-07
72.48 -4.946066061943257e-07
72.52 -4.935162641315994e-07
72.56 -4.924289249374098e-07
72.60000000000001 -4.913445786931218e-07
72.64 -4.90263215518301e-07
72.68 -4.891848255705451e-07
72.72 -4.881093990453192e-07
72.76 -4.870369261757857e-07
72.8 -4.859673972326431e-07
72.84 -4.849008025239567e-07
72.88 -4.83837132394999e-07
72.92 -4.827763772280826e-07
72.96000000000001 -4.817185274424008e-07
73.0 -4.806635734938653e-07
73.04 -4.796115058749439e-07
73.08 -4.785623151145032e-07
73.12 -4.775159917776468e-07
73.16 -4.764725264655593e-07
73.2 -4.754319098153466e-07
73.24 -4.7439413249988116e-07
73.28 -4.733591852276436e-07
73.32000000000001 -4.7232705874256956e-07
73.36 -4.7129774382389445e-07
73.4 -4.7027123128599846e-07
73.44 -4.692475119782558e-07
73.48 -4.6822657678487997e-07
73.52 -4.672084166247749e-07
73.56 -4.6619302245138134e-07
73.60000000000001 -4.651803852525294e-07
73.64 -4.6417049605028777e-07
73.68 -4.631633459008147e-07
73.72 -4.621589258942123e-07
73.76 -4.611572271543763e-07
73.8 -4.60158240838853e-07
73.84 -4.591619581386905e-07
73.88 -4.581683702782962e-07
73.92 -4.571774685152904e-07
73.96000000000001 -4.5618924414036444e-07
74.0 -4.5520368847713724e-07
74.04 -4.5422079288201193e-07
74.08 -4.5324054874403663e-07
74.12 -4.522629474847611e-07
74.16 -4.5128798055809915e-07
74.2 -4.503156394501866e-07
74.24 -4.493459156792451e-07
74.28 -4.4837880079544137e-07
74.32000000000001 -4.474142863807522e-07
74.36 -4.464523640488265e-07
74.4 -4.4549302544484827e-07
74.44 -4.445362622454035e-07
74.48 -4.4358206615834273e-07
74.52 -4.4263042892264933e-07
74.56 -4.4168134230830365e-07
74.60000000000001 -4.4073479811615235e-07
74.64 -4.397907881777751e-07
74.68 -4.3884930435535224e-07
74.72 -4.3791033854153574e-07
74.76 -4.3697388265931666e-07
74.8 -4.3603992866189794e-07
74.84 -4.3510846853256253e-07
74.88 -4.341794942845478e-07
74.92 -4.3325299796091506e-07
74.96000000000001 -4.323289716344244e-07
75.0 -4.3140740740740743e-07
75.04 -4.3048829741164e-07
75.08 -4.295716338082194e-07
75.12 -4.286574087874365e-07
75.16 -4.277456145686547e-07
75.2 -4.268362434001833e-07
75.24 -4.259292875591572e-07
75.28 -4.25024739351412e-07
75.32000000000001 -4.241225911113643e-07
75.36 -4.232228352018894e-07
75.4 -4.2232546401419993e-07
75.44 -4.2143046996772756e-07
75.48 -4.205378455100014e-07
75.52 -4.1964758311653124e-07
75.56 -4.187596752906865e-07
75.60000000000001 -4.178741145635812e-07
75.64 -4.16990893493955e-07
75.68 -4.16110004668056e-07
75.72 -4.1523144069952674e-07
75.76 -4.143551942292859e-07
75.8 -4.1348125792541587e-07
75.84 -4.1260962448304563e-07
75.88 -4.117402866242394e-07
75.92 -4.108732370978807e-07
75.96000000000001 -4.1000846867956146e-07
76.0 -4.0914597417146894e-07
76.04 -4.0828574640227277e-07
76.08 -4.074277782270159e-07
76.12 -4.065720625270016e-07
76.16 -4.057185922096851e-07
76.2 -4.04867360208562e-07
76.24 -4.0401835948306116e-07
76.28 -4.0317158301843334e-07
76.32000000000001 -4.023270238256459e-07
76.36 -4.014846749412735e-07
76.4 -4.0064452942739015e-07
76.44 -3.99806580371465e-07
76.48 -3.989708208862534e-07
76.52 -3.981372441096939e-07
76.56 -3.9730584320480024e-07
76.60000000000001 -3.9647661135955935e-07
76.64 -3.9564954178682606e-07
76.68 -3.9482462772421803e-07
76.72 -3.940018624340156e-07
76.76 -3.931812392030556e-07
76.8 -3.9236275134263216e-07
76.84 -3.9154639218839275e-07
76.88 -3.9073215510023845e-07
76.92 -3.8992003346222143e-07
76.96000000000001 -3.891100206824465e-07
77.0 -3.8830211019297023e-07
77.04 -3.8749629544970086e-07
77.08 -3.8669256993230124e-07
77.12 -3.85890927144088e-07
77.16 -3.850913606119361e-07
77.2 -3.842938638861785e-07
77.24 -3.834984305405118e-07
77.28 -3.8270505417189715e-07
77.32000000000001 -3.8191372840046567e-07
77.36 -3.8112444686942235e-07
77.4 -3.8033720324494975e-07
77.44 -3.7955199121611485e-07
77.48 -3.7876880449477254e-07
77.52 -3.7798763681547394e-07
77.56 -3.7720848193537046e-07
77.60000000000001 -3.7643133363412254e-07
77.64 -3.756561857138065e-07
77.68 -3.7488303199882095e-07
77.72 -3.741118663357974e-07
77.76 -3.7334268259350605e-07
77.8 -3.725754746627674e-07
77.84 -3.7181023645635944e-07
77.88 -3.7104696190892974e-07
77.92 -3.7028564497690315e-07
77.96000000000001 -3.695262796383948e-07
78.0 -3.6876885989312025e-07
78.04 -3.680133797623061e-07
78.08 -3.6725983328860366e-07
78.12 -3.665082145359996e-07
78.16 -3.657585175897302e-07
78.2 -3.650107365561928e-07
78.24 -3.6426486556286104e-07
78.28 -3.635208987581971e-07
78.32000000000001 -3.6277883031156753e-07
78.36 -3.620386544131572e-07
78.4 -3.613003652738836e-07
78.44 -3.6056395712531445e-07
78.48 -3.59829424219581e-07
78.52 -3.590967608292967e-07
78.56 -3.5836596124747165e-07
78.60000000000001 -3.5763701978743153e-07
78.64 -3.569099307827341e-07
78.68 -3.56184688587086e-07
78.72 -3.554612875742635e-07
78.76 -3.5473972213802784e-07
78.8 -3.5401998669204714e-07
78.84 -3.5330207566981304e-07
78.88 -3.5258598352456274e-07
78.92 -3.5187170472919666e-07
78.96000000000001 -3.5115923377620077e-07
79.0 -3.5044856517756664e-07
79.04 -3.4973969346471145e-07
79.08 -3.4903261318840167e-07
79.12 -3.4832731891867225e-07
79.16 -3.476238052447513e-07
79.2 -3.469220667749806e-07
79.24 -3.4622209813674005e-07
79.28 -3.4552389397636935e-07
79.32000000000001 -3.448274489590928e-07
79.36 -3.4413275776894307e-07
79.4 -3.434398151086842e-07
79.44 -3.427486156997383e-07
79.48 -3.420591542821083e-07
79.52 -3.413714256143051e-07
79.56 -3.406854244732716e-07
79.60000000000001 -3.4000114565431003e-07
79.64 -3.393185839710077e-07
79.68 -3.386377342551627e-07
79.72 -3.379585913567128e-07
79.76 -3.3728115014366055e-07
79.8 -3.3660540550200297e-07
79.84 -3.359313523356575e-07
79.88 -3.3525898556639237e-07
79.92 -3.345883001337528e-07
79.96000000000001 -3.3391929099499217e-07
80.0 -3.3325195312500003e-07
80.04 -3.325862815162312e-07
80.08 -3.319222711786374e-07
80.12 -3.3125991713959514e-07
80.16 -3.3059921444383824e-07
80.2 -3.299401581533872e-07
80.24 -3.292827433474814e-07
80.28 -3.286269651225093e-07
80.32000000000001 -3.279728185919414e-07
80.36 -3.2732029888626187e-07
80.4 -3.2666940115290003e-07
80.44 -3.2602012055616444e-07
80.48 -3.253724522771744e-07
80.52 -3.247263915137947e-07
80.56 -3.240819334805673e-07
80.60000000000001 -3.2343907340864725e-07
80.64 -3.2279780654573527e-07
80.68 -3.2215812815601246e-07
80.72 -3.215200335200759e-07
80.76 -3.20883517934872e-07
80.8 -3.202485767136339e-07
80.84 -3.196152051858149e-07
80.88 -3.189833986970263e-07
80.92 -3.183531526089716e-07
80.96000000000001 -3.1772446229938486e-07
81.0 -3.170973231619663e-07
81.04 -3.1647173060631884e-07
81.08 -3.158476800578871e-07
81.12 -3.152251669578929e-07
81.16 -3.14604186763275e-07
81.2 -3.139847349466255e-07
81.24 -3.133668069961298e-07
81.28 -3.1275039841550376e-07
81.32000000000001 -3.1213550472393395e-07
81.36 -3.115221214560162e-07
81.4 -3.1091024416169463e-07
81.44 -3.1029986840620266e-07
81.48 -3.096909897700013e-07
81.52 -3.090836038487214e-07
81.56 -3.0847770625310214e-07
81.60000000000001 -3.0787329260893346e-07
81.64 -3.072703585569966e-07
81.68 -3.066688997530043e-07
81.72 -3.0606891186754476e-07
81.76 -3.054703905860206e-07
81.8 -3.0487333160859377e-07
81.84 -3.0427773065012526e-07
81.88 -3.0368358344011996e-07
81.92 -3.0309088572266774e-07
81.96000000000001 -3.024996332563878e-07
82.0 -3.0190982181437143e-07
82.04 -3.0132144718412533e-07
82.08 -3.0073450516751633e-07
82.12 -3.001489915807144e-07
82.16 -2.9956490225413806e-07
82.2 -2.989822330323978e-07
82.24 -2.984009797742423e-07
82.28 -2.9782113835250176e-07
82.32000000000001 -2.9724270465403495e-07
82.36 -2.9666567457967377e-07
82.4 -2.9609004404416875e-07
82.44 -2.9551580897613604e-07
82.48 -2.9494296531800256e-07
82.52 -2.9437150902595386e-07
82.56 -2.938014360698789e-07
82.60000000000001 -2.9323274243331917e-07
82.64 -2.926654241134144e-07
82.68 -2.9209947712084993e-07
82.72 -2.9153489747980556e-07
82.76 -2.90971681227902e-07
82.8 -2.904098244161502e-07
82.84 -2.898493231088983e-07
82.88 -2.892901733837818e-07
82.92 -2.887323713316706e-07
82.96000000000001 -2.8817591305661947e-07
83.0 -2.876207946758167e-07
83.04 -2.870670123195327e-07
83.08 -2.8651456213107133e-07
83.12 -2.859634402667179e-07
83.16 -2.854136428956912e-07
83.2 -2.848651662000917e-07
83.24 -2.843180063748542e-07
83.28 -2.8377215962769647e-07
83.32000000000001 -2.8322762217907196e-07
83.36 -2.8268439026212015e-07
83.4 -2.821424601226174e-07
83.44 -2.816018280189297e-07
83.48 -2.8106249022196327e-07
83.52 -2.805244430151178e-07
83.56 -2.7998768269423706e-07
83.60000000000001 -2.794522055675628e-07
83.64 -2.7891800795568693e-07
83.68 -2.7838508619150336e-07
83.72 -2.7785343662016246e-07
83.76 -2.7732305559902304e-07
83.8 -2.76793939497607e-07
83.84 -2.762660846975514e-07
83.88 -2.7573948759256397e-07
83.92 -2.752141445883756e-07
83.96000000000001 -2.7469005210269556e-07
84.0 -2.7416720656516574e-07
84.04 -2.736456044173145e-07
84.08 -2.731252421125126e-07
84.12 -2.726061161159272e-07
84.16 -2.7208822290447783e-07
84.2 -2.7157155896679084e-07
84.24 -2.710561208031562e-07
84.28 -2.7054190492548187e-07
84.32000000000001 -2.700289078572508e-07
84.36 -2.695171261334769e-07
84.4 -2.690065563006603e-07
84.44 -2.6849719491674576e-07
84.48 -2.6798903855107716e-07
84.52 -2.674820837843565e-07
84.56 -2.66976327208599e-07
84.60000000000001 -2.66471765427092e-07
84.64 -2.6596839505435134e-07
84.68 -2.6546621271607904e-07
84.72 -2.649652150491218e-07
84.76 -2.644653987014279e-07
84.8 -2.639667603320064e-07
84.84 -2.634692966108844e-07
84.88 -2.629730042190666e-07
84.92 -2.6247787984849295e-07
84.96000000000001 -2.619839202019983e-07
85.0 -2.6149112199327116e-07
85.04 -2.6099948194681225e-07
85.08 -2.6050899679789525e-07
85.12 -2.6001966329252464e-07
85.16 -2.59531478187397e-07
85.2 -2.5904443824985955e-07
85.24 -2.5855854025787135e-07
85.28 -2.580737809999624e-07
85.32000000000001 -2.5759015727519503e-07
85.36 -2.571076658931239e-07
85.4 -2.566263036737564e-07
85.44 -2.561460674475146e-07
85.48 -2.556669540551948e-07
85.52 -2.5518896034793047e-07
85.56 -2.547120831871518e-07
85.60000000000001 -2.542363194445487e-07
85.64 -2.5376166600203206e-07
85.68 -2.532881197516948e-07
85.72 -2.528156775957753e-07
85.76 -2.5234433644661813e-07
85.8 -2.518740932266377e-07
85.84 -2.514049448682797e-07
85.88 -2.5093688831398446e-07
85.92 -2.50469920516149e-07
85.96000000000001 -2.5000403843709115e-07
86.0 -2.4953923904901164e-07
86.04 -2.4907551933395735e-07
86.08 -2.486128762837857e-07
86.12 -2.4815130690012697e-07
86.16 -2.4769080819434936e-07
86.2 -2.4723137718752144e-07
86.24 -2.4677301091037756e-07
86.28 -2.463157064032808e-07
86.32000000000001 -2.458594607161883e-07
86.36 -2.454042709086153e-07
86.4 -2.449501340495993e-07
86.44 -2.4449704721766595e-07
86.48 -2.440450075007927e-07
86.52 -2.4359401199637504e-07
86.56 -2.431440578111907e-07
86.60000000000001 -2.426951420613657e-07
86.64 -2.422472618723398e-07
86.68 -2.4180041437883133e-07
86.72 -2.4135459672480437e-07
86.76 -2.409098060634331e-07
86.8 -2.404660395570694e-07
86.84 -2.4002329437720763e-07
86.88 -2.395815677044524e-07
86.92 -2.3914085672848353e-07
86.96000000000001 -2.38701158648024e-07
87.0 -2.3826247067080626e-07
87.04 -2.3782479001353848e-07
87.08 -2.3738811390187282e-07
87.12 -2.3695243957037128e-07
87.16 -2.3651776426247435e-07
87.2 -2.360840852304671e-07
87.24 -2.3565139973544804e-07
87.28 -2.3521970504729562e-07
87.32000000000001 -2.3478899844463713e-07
87.36 -2.3435927721481625e-07
87.4 -2.3393053865386062e-07
87.44 -2.335027800664512e-07
87.48 -2.3307599876588945e-07
87.52 -2.3265019207406699e-07
87.56 -2.3222535732143304e-07
87.60000000000001 -2.318014918469643e-07
87.64 -2.3137859299813322e-07
87.68 -2.3095665813087673e-07
87.72 -2.3053568460956635e-07
87.76 -2.301156698069763e-07
87.8 -2.2969661110425402e-07
87.84 -2.292785058908886e-07
87.88 -2.2886135156468156e-07
87.92 -2.2844514553171535e-07
87.96000000000001 -2.2802988520632448e-07
88.0 -2.2761556801106483e-07
88.04 -2.272021913766836e-07
88.08 -2.267897527420904e-07
88.12 -2.263782495543266e-07
88.16 -2.2596767926853695e-07
88.2 -2.2555803934793895e-07
88.24 -2.2514932726379493e-07
88.28 -2.247415404953816e-07
88.32000000000001 -2.2433467652996212e-07
88.36 -2.2392873286275668e-07
88.4 -2.2352370699691344e-07
88.44 -2.2311959644348074e-07
88.48 -2.2271639872137742e-07
88.52 -2.223141113573655e-07
88.56 -2.2191273188602088e-07
88.60000000000001 -2.2151225784970593e-07
88.64 -2.2111268679854113e-07
88.68 -2.207140162903765e-07
88.72 -2.2031624389076492e-07
88.76 -2.1991936717293316e-07
88.8 -2.1952338371775527e-07
88.84 -2.1912829111372412e-07
88.88 -2.1873408695692502e-07
88.92 -2.1834076885100727e-07
88.96000000000001 -2.1794833440715795e-07
89.0 -2.1755678124407447e-07
89.04 -2.1716610698793718e-07
89.08 -2.1677630927238337e-07
89.12 -2.1638738573847957e-07
89.16 -2.1599933403469584e-07
89.2 -2.156121518168783e-07
89.24 -2.1522583674822363e-07
89.28 -2.1484038649925173e-07
89.32000000000001 -2.144557987477805e-07
89.36 -2.1407207117889921e-07
89.4 -2.136892014849422e-07
89.44 -2.1330718736546378e-07
89.48 -2.129260265272115e-07
89.52 -2.1254571668410137e-07
89.56 -2.121662555571914e-07
89.60000000000001 -2.1178764087465684e-07
89.64 -2.114098703717645e-07
89.68 -2.1103294179084703e-07
89.72 -2.106568528812787e-07
89.76 -2.1028160139944916e-07
89.8 -2.0990718510873967e-07
89.84 -2.09533601779497e-07
89.88 -2.0916084918900983e-07
89.92 -2.0878892512148287e-07
89.96000000000001 -2.0841782736801336e-07
90.0 -2.0804755372656607e-07
90.04 -2.076781020019485e-07
90.08 -2.0730947000578765e-07
90.12 -2.0694165555650456e-07
90.16 -2.0657465647929145e-07
90.2 -2.062084706060866e-07
90.24 -2.0584309577555144e-07
90.28 -2.0547852983304573e-07
90.32000000000001 -2.0511477063060479e-07
90.36 -2.0475181602691548e-07
90.4 -2.043896638872922e-07
90.44 -2.040283120836544e-07
90.48 -2.036677584945023e-07
90.52 -2.033080010048945e-07
90.56 -2.02949037506424e-07
90.60000000000001 -2.025908658971958e-07
90.64 -2.022334840818037e-07
90.68 -2.01876889971307e-07
90.72 -2.0152108148320863e-07
90.76 -2.0116605654143133e-07
90.8 -2.008118130762961e-07
90.84 -2.0045834902449884e-07
90.88 -2.0010566232908847e-07
90.92 -1.9975375093944424e-07
90.96000000000001 -1.994026128112537e-07
91.0 -1.9905224590649057e-07
91.04 -1.9870264819339215e-07
91.08 -1.983538176464382e-07
91.12 -1.9800575224632804e-07
91.16 -1.9765844997995976e-07
91.2 -1.9731190884040745e-07
91.24 -1.969661268269005e-07
91.28 -1.9662110194480122e-07
91.32000000000001 -1.96276832205584e-07
91.36 -1.959333156268138e-07
91.4 -1.9559055023212411e-07
91.44 -1.9524853405119703e-07
91.48 -1.9490726511974078e-07
91.52 -1.9456674147946987e-07
91.56 -1.9422696117808285e-07
91.60000000000001 -1.9388792226924274e-07
91.64 -1.9354962281255536e-07
91.68 -1.932120608735485e-07
91.72 -1.9287523452365203e-07
91.76 -1.9253914184017657e-07
91.8 -1.9220378090629358e-07
91.84 -1.9186914981101432e-07
91.88 -1.9153524664917044e-07
91.92 -1.9120206952139254e-07
91.96000000000001 -1.9086961653409117e-07
92.0 -1.9053788579943612e-07
92.04 -1.902068754353362e-07
92.08 -1.898765835654201e-07
92.12 -1.8954700831901556e-07
92.16 -1.892181478311305e-07
92.2 -1.8889000024243257e-07
92.24 -1.885625636992302e-07
92.28 -1.882358363534523e-07
92.32000000000001 -1.879098163626296e-07
92.36 -1.8758450188987475e-07
92.4 -1.8725989110386291e-07
92.44 -1.8693598217881304e-07
92.48 -1.8661277329446796e-07
92.52 -1.8629026263607627e-07
92.56 -1.8596844839437208e-07
92.60000000000001 -1.8564732876555734e-07
92.64 -1.853269019512821e-07
92.68 -1.8500716615862585e-07
92.72 -1.8468811960007927e-07
92.76 -1.843697604935247e-07
92.8 -1.8405208706221874e-07
92.84 -1.8373509753477243e-07
92.88 -1.8341879014513408e-07
92.92 -1.831031631325696e-07
92.96000000000001 -1.8278821474164552e-07
93.0 -1.824739432222099e-07
93.04 -1.8216034682937426e-07
93.08 -1.8184742382349594e-07
93.12 -1.8153517247015946e-07
93.16 -1.812235910401593e-07
93.2 -1.8091267780948116e-07
93.24 -1.806024310592852e-07
93.28 -1.8029284907588713e-07
93.32000000000001 -1.7998393015074163e-07
93.36 -1.7967567258042406e-07
93.4 -1.7936807466661297e-07
93.44 -1.790611347160732e-07
93.48 -1.7875485104063757e-07
93.52 -1.7844922195719048e-07
93.56 -1.781442457876499e-07
93.60000000000001 -1.7783992085895066e-07
93.64 -1.7753624550302727e-07
93.68 -1.772332180567963e-07
93.72 -1.7693083686214028e-07
93.76 -1.7662910026588987e-07
93.8 -1.7632800661980782e-07
93.84 -1.7602755428057137e-07
93.88 -1.7572774160975616e-07
93.92 -1.7542856697381905e-07
93.96000000000001 -1.7513002874408197e-07
94.0 -1.748321252967151e-07
94.04 -1.7453485501272016e-07
94.08 -1.742382162779146e-07
94.12 -1.7394220748291457e-07
94.16 -1.7364682702311924e-07
94.2 -1.733520732986939e-07
94.24 -1.730579447145545e-07
94.28 -1.7276443968035087e-07
94.32000000000001 -1.724715566104512e-07
94.36 -1.7217929392392586e-07
94.4 -1.718876500445311e-07
94.44 -1.71596623400694e-07
94.48 -1.7130621242549569e-07
94.52 -1.7101641555665652e-07
94.56 -1.707272312365196e-07
94.60000000000001 -1.7043865791203577e-07
94.64 -1.7015069403474773e-07
94.68 -1.6986333806077437e-07
94.72 -1.6957658845079588e-07
94.76 -1.6929044367003763e-07
94.8 -1.6900490218825555e-07
94.84 -1.6871996247972017e-07
94.88 -1.6843562302320213e-07
94.92 -1.6815188230195627e-07
94.96000000000001 -1.6786873880370711e-07
95.0 -1.6758619102063368e-07
95.04 -1.6730423744935406e-07
95.08 -1.670228765909113e-07
95.12 -1.6674210695075765e-07
95.16 -1.664619270387405e-07
95.2 -1.66182335369087e-07
95.24 -1.6590333046038991e-07
95.28 -1.6562491083559236e-07
95.32000000000001 -1.653470750219738e-07
95.36 -1.650698215511353e-07
95.4 -1.6479314895898457e-07
95.44 -1.645170557857225e-07
95.48 -1.642415405758277e-07
95.52 -1.6396660187804315e-07
95.56 -1.6369223824536104e-07
95.60000000000001 -1.634184482350094e-07
95.64 -1.6314523040843742e-07
95.68 -1.6287258333130124e-07
95.72 -1.6260050557345046e-07
95.76 -1.623289957089134e-07
95.8 -1.6205805231588396e-07
95.84 -1.6178767397670689e-07
95.88 -1.615178592778647e-07
95.92 -1.612486068099632e-07
95.96000000000001 -1.6097991516771828e-07
96.0 -1.6071178294994212e-07
96.04 -1.604442087595291e-07
96.08 -1.6017719120344288e-07
96.12 -1.5991072889270224e-07
96.16 -1.5964482044236828e-07
96.2 -1.5937946447153012e-07
96.24000000000001 -1.591146596032924e-07
96.28 -1.588504044647614e-07
96.32000000000001 -1.5858669768703168e-07
96.36 -1.5832353790517342e-07
96.4 -1.5806092375821846e-07
96.44 -1.5779885388914795e-07
96.48 -1.575373269448785e-07
96.52 -1.5727634157624986e-07
96.56 -1.5701589643801127e-07
96.60000000000001 -1.56755990188809e-07
96.64 -1.5649662149117342e-07
96.68 -1.5623778901150557e-07
96.72 -1.559794914200653e-07
96.76 -1.5572172739095757e-07
96.8 -1.5546449560212067e-07
96.84 -1.5520779473531257e-07
96.88 -1.5495162347609936e-07
96.92 -1.5469598051384166e-07
96.96000000000001 -1.5444086454168295e-07
97.0 -1.5418627425653668e-07
97.04 -1.5393220835907367e-07
97.08 -1.5367866555371035e-07
97.12 -1.5342564454859568e-07
97.16 -1.5317314405559962e-07
97.2 -1.5292116279030006e-07
97.24000000000001 -1.5266969947197147e-07
97.28 -1.524187528235722e-07
97.32000000000001 -1.5216832157173235e-07
97.36 -1.519184044467422e-07
97.4 -1.5166900018253952e-07
97.44 -1.5142010751669828e-07
97.48 -1.5117172519041614e-07
97.52 -1.50923851948503e-07
97.56 -1.5067648653936878e-07
97.60000000000001 -1.5042962771501198e-07
97.64 -1.5018327423100786e-07
97.68 -1.4993742484649625e-07
97.72 -1.4969207832417076e-07
97.76 -1.494472334302662e-07
97.8 -1.4920288893454784e-07
97.84 -1.4895904361029926e-07
97.88 -1.4871569623431123e-07
97.92 -1.4847284558686996e-07
97.96000000000001 -1.4823049045174602e-07
98.0 -1.4798862961618277e-07
98.04 -1.4774726187088487e-07
98.08 -1.4750638601000742e-07
98.12 -1.4726600083114424e-07
98.16 -1.470261051353172e-07
98.2 -1.467866977269644e-07
98.24000000000001 -1.4654777741392966e-07
98.28 -1.4630934300745118e-07
98.32000000000001 -1.4607139332215033e-07
98.36 -1.4583392717602102e-07
98.4 -1.4559694339041827e-07
98.44 -1.45360440790048e-07
98.48 -1.4512441820295513e-07
98.52 -1.4488887446051393e-07
98.56 -1.4465380839741612e-07
98.60000000000001 -1.444192188516608e-07
98.64 -1.4418510466454372e-07
98.68 -1.4395146468064593e-07
98.72 -1.4371829774782414e-07
98.76 -1.4348560271719908e-07
98.8 -1.432533784431459e-07
98.84 -1.430216237832827e-07
98.88 -1.4279033759846105e-07
98.92 -1.425595187527545e-07
98.96000000000001 -1.4232916611344897e-07
99.0 -1.4209927855103208e-07
99.04 -1.418698549391826e-07
99.08 -1.416408941547606e-07
99.12 -1.414123950777967e-07
99.16 -1.4118435659148234e-07
99.2 -1.4095677758215907e-07
99.24000000000001 -1.4072965693930884e-07
99.28 -1.4050299355554376e-07
99.32000000000001 -1.4027678632659576e-07
99.36 -1.4005103415130698e-07
99.4 -1.398257359316193e-07
99.44 -1.396008905725649e-07
99.48 -1.393764969822557e-07
99.52 -1.3915255407187419e-07
99.56 -1.3892906075566278e-07
99.60000000000001 -1.3870601595091463e-07
99.64 -1.3848341857796366e-07
99.68 -1.3826126756017443e-07
99.72 -1.3803956182393304e-07
99.76 -1.3781830029863682e-07
99.8 -1.3759748191668535e-07
99.84 -1.3737710561347013e-07
99.88 -1.371571703273657e-07
99.92 -1.3693767499971936e-07
99.96000000000001 -1.3671861857484234e-07
100.0 -1.365e-07
