2 -0.022275688131
4 -0.020801302714
6 -0.020771580104
8 -0.014812759427
10 -0.010813648251
12 -0.008531922493
14 -0.007160840823
16 -0.006273438168
18 -0.005656290372
20 -0.005214258982
22 -0.004899901037
24 -0.004679480558
26 -0.004524092419
28 -0.004410334332
30 -0.004321751114
32 -0.004248153753
34 -0.004184634685
36 -0.004129188577
38 -0.004081263161
40 -0.004040813602
42 -0.004007661460
44 -0.003981389698
46 -0.003961264816
48 -0.003946464558
50 -0.003935977118
52 -0.003928903060
54 -0.003924409341
56 -0.003921807658
58 -0.003920451262
60 -0.003920042681
