    0.000000    0.000000    0.000000    0.100000   9.9861918770E+002
    0.100000    0.000000    0.000000    0.200000   3.9296146718E+000
    0.200000    0.000000    0.000000    0.300000   1.3286921691E+000
    0.300000    0.000000    0.000000    0.400000   5.0556118085E-001
    0.400000    0.000000    0.000000    0.500000   1.2946469709E-001
    0.500000    0.000000    0.000000    0.600000  -6.8949487827E-002
    0.600000    0.000000    0.000000    0.700000  -1.8054339243E-001
    0.700000    0.000000    0.000000    0.800000  -2.4465091840E-001
    0.800000    0.000000    0.000000    0.900000  -2.8098112192E-001
    0.900000    0.000000    0.000000    1.000000  -3.0033877316E-001
    1.000000    0.000000    0.000000    1.100000  -3.0901819170E-001
    1.100000    0.000000    0.000000    1.200000  -3.1086139618E-001
    1.200000    0.000000    0.000000    1.300000  -3.0830359730E-001
    1.300000    0.000000    0.000000    1.400000  -3.0293357082E-001
    1.400000    0.000000    0.000000    1.500000  -2.9580818799E-001
    1.500000    0.000000    0.000000    1.600000  -2.8763805113E-001
    1.600000    0.000000    0.000000    1.700000  -2.7890278515E-001
    1.700000    0.000000    0.000000    1.800000  -2.6992575865E-001
    1.800000    0.000000    0.000000    1.900000  -2.6092380608E-001
    1.900000    0.000000    0.000000    2.000000  -2.5204101094E-001
    2.000000    0.000000    0.000000    2.100000  -2.4337164162E-001
    2.100000    0.000000    0.000000    2.200000  -2.3497578822E-001
    2.200000    0.000000    0.000000    2.300000  -2.2689007972E-001
    2.300000    0.000000    0.000000    2.400000  -2.1913480413E-001
    2.400000    0.000000    0.000000    2.500000  -2.1171897177E-001
    2.500000    0.000000    0.000000    2.600000  -2.0464365035E-001
    2.600000    0.000000    0.000000    2.700000  -1.9790447203E-001
    2.700000    0.000000    0.000000    2.800000  -1.9149315460E-001
    2.800000    0.000000    0.000000    2.900000  -1.8539888847E-001
    2.900000    0.000000    0.000000    3.000000  -1.7960910254E-001
    3.000000    0.000000    0.000000    3.100000  -1.7411023945E-001
    3.100000    0.000000    0.000000    3.200000  -1.6888816040E-001
    3.200000    0.000000    0.000000    3.300000  -1.6392859364E-001
    3.300000    0.000000    0.000000    3.400000  -1.5921732033E-001
    3.400000    0.000000    0.000000    3.500000  -1.5474046433E-001
    3.500000    0.000000    0.000000    3.600000  -1.5048457861E-001
    3.600000    0.000000    0.000000    3.700000  -1.4643672346E-001
    3.700000    0.000000    0.000000    3.800000  -1.4258456650E-001
    3.800000    0.000000    0.000000    3.900000  -1.3891642040E-001
    3.900000    0.000000    0.000000    4.000000  -1.3542121202E-001
    4.000000    0.000000    0.000000    4.100000  -1.3208850290E-001
    4.100000    0.000000    0.000000    4.200000  -1.2890849592E-001
    4.200000    0.000000    0.000000    4.300000  -1.2587199743E-001
    4.300000    0.000000    0.000000    4.400000  -1.2297039199E-001
    4.400000    0.000000    0.000000    4.500000  -1.2019562161E-001
    4.500000    0.000000    0.000000    4.600000  -1.1754015831E-001
    4.600000    0.000000    0.000000    4.700000  -1.1499698182E-001
    4.700000    0.000000    0.000000    4.800000  -1.1255951315E-001
    4.800000    0.000000    0.000000    4.900000  -1.1022164329E-001
    4.900000    0.000000    0.000000    5.000000  -1.0797766833E-001
    5.000000    0.000000    0.000000    5.100000  -1.0582225568E-001
    5.100000    0.000000    0.000000    5.200000  -1.0375044692E-001
    5.200000    0.000000    0.000000    5.300000  -1.0175760856E-001
    5.300000    0.000000    0.000000    5.400000  -9.9839430415E-002
    5.400000    0.000000    0.000000    5.500000  -9.7991877497E-002
    5.500000    0.000000    0.000000    5.600000  -9.6211192402E-002
    5.600000    0.000000    0.000000    5.700000  -9.4493867761E-002
    5.700000    0.000000    0.000000    5.800000  -9.2836617723E-002
    5.800000    0.000000    0.000000    5.900000  -9.1236380140E-002
    5.900000    0.000000    0.000000    6.000000  -8.9690284513E-002
    6.000000    0.000000    0.000000    6.100000  -8.8195654419E-002
    6.100000    0.000000    0.000000    6.200000  -8.6749980378E-002
    6.200000    0.000000    0.000000    6.300000  -8.5350893896E-002
    6.300000    0.000000    0.000000    6.400000  -8.3996194188E-002
    6.400000    0.000000    0.000000    6.500000  -8.2683810305E-002
    6.500000    0.000000    0.000000    6.600000  -8.1411790247E-002
    6.600000    0.000000    0.000000    6.700000  -8.0178303077E-002
    6.700000    0.000000    0.000000    6.800000  -7.8981634958E-002
    6.800000    0.000000    0.000000    6.900000  -7.7820152335E-002
    6.900000    0.000000    0.000000    7.000000  -7.6692332432E-002
    7.000000    0.000000    0.000000    7.100000  -7.5596732952E-002
    7.100000    0.000000    0.000000    7.200000  -7.4531995565E-002
    7.200000    0.000000    0.000000    7.300000  -7.3496833550E-002
    7.300000    0.000000    0.000000    7.400000  -7.2490029066E-002
    7.400000    0.000000    0.000000    7.500000  -7.1510436686E-002
    7.500000    0.000000    0.000000    7.600000  -7.0556963879E-002
    7.600000    0.000000    0.000000    7.700000  -6.9628585310E-002
    7.700000    0.000000    0.000000    7.800000  -6.8724317823E-002
    7.800000    0.000000    0.000000    7.900000  -6.7843237525E-002
    7.900000    0.000000    0.000000    8.000000  -6.6984463469E-002
    8.000000    0.000000    0.000000    8.100000  -6.6147157277E-002
    8.100000    0.000000    0.000000    8.200000  -6.5330524587E-002
    8.200000    0.000000    0.000000    8.300000  -6.4533811072E-002
    8.300000    0.000000    0.000000    8.400000  -6.3756295280E-002
    8.400000    0.000000    0.000000    8.500000  -6.2997291884E-002
    8.500000    0.000000    0.000000    8.600000  -6.2256147623E-002
    8.600000    0.000000    0.000000    8.700000  -6.1532239231E-002
    8.700000    0.000000    0.000000    8.800000  -6.0824971554E-002
    8.800000    0.000000    0.000000    8.900000  -6.0133778301E-002
    8.900000    0.000000    0.000000    9.000000  -5.9458117833E-002
    9.000000    0.000000    0.000000    9.100000  -5.8797471291E-002
    9.100000    0.000000    0.000000    9.200000  -5.8151346357E-002
    9.200000    0.000000    0.000000    9.300000  -5.7519266771E-002
    9.300000    0.000000    0.000000    9.400000  -5.6900780358E-002
    9.400000    0.000000    0.000000    9.500000  -5.6295451423E-002
    9.500000    0.000000    0.000000    9.600000  -5.5702869608E-002
    9.600000    0.000000    0.000000    9.700000  -5.5122629893E-002
    9.700000    0.000000    0.000000    9.800000  -5.4554356163E-002
    9.800000    0.000000    0.000000    9.900000  -5.3997679775E-002
    9.900000    0.000000    0.000000   10.000000  -5.3452247907E-002
   10.000000    0.000000    0.000000   10.100000  -5.2917725138E-002
   10.100000    0.000000    0.000000   10.200000  -5.2393787399E-002
   10.200000    0.000000    0.000000   10.300000  -5.1880123277E-002
   10.300000    0.000000    0.000000   10.400000  -5.1376432868E-002
   10.400000    0.000000    0.000000   10.500000  -5.0882428706E-002
   10.500000    0.000000    0.000000   10.600000  -5.0397834147E-002
   10.600000    0.000000    0.000000   10.700000  -4.9922382882E-002
   10.700000    0.000000    0.000000   10.800000  -4.9455818556E-002
   10.800000    0.000000    0.000000   10.900000  -4.8997894310E-002
   10.900000    0.000000    0.000000   11.000000  -4.8548372343E-002
   11.000000    0.000000    0.000000   11.100000  -4.8107023504E-002
   11.100000    0.000000    0.000000   11.200000  -4.7673626896E-002
   11.200000    0.000000    0.000000   11.300000  -4.7247969513E-002
   11.300000    0.000000    0.000000   11.400000  -4.6829845889E-002
   11.400000    0.000000    0.000000   11.500000  -4.6419057767E-002
   11.500000    0.000000    0.000000   11.600000  -4.6015413786E-002
   11.600000    0.000000    0.000000   11.700000  -4.5618729185E-002
   11.700000    0.000000    0.000000   11.800000  -4.5228825517E-002
   11.800000    0.000000    0.000000   11.900000  -4.4845530385E-002
   11.900000    0.000000    0.000000   12.000000  -4.4468677189E-002
   12.000000    0.000000    0.000000   12.100000  -4.4098104879E-002
   12.100000    0.000000    0.000000   12.200000  -4.3733657731E-002
   12.200000    0.000000    0.000000   12.300000  -4.3375185127E-002
   12.300000    0.000000    0.000000   12.400000  -4.3022541345E-002
   12.400000    0.000000    0.000000   12.500000  -4.2675585366E-002
   12.500000    0.000000    0.000000   12.600000  -4.2334180684E-002
   12.600000    0.000000    0.000000   12.700000  -4.1998195123E-002
   12.700000    0.000000    0.000000   12.800000  -4.1667500673E-002
   12.800000    0.000000    0.000000   12.900000  -4.1341973324E-002
   12.900000    0.000000    0.000000   13.000000  -4.1021492910E-002
   13.000000    0.000000    0.000000   13.100000  -4.0705942965E-002
   13.100000    0.000000    0.000000   13.200000  -4.0395210576E-002
   13.200000    0.000000    0.000000   13.300000  -4.0089186253E-002
   13.300000    0.000000    0.000000   13.400000  -3.9787763800E-002
   13.400000    0.000000    0.000000   13.500000  -3.9490840190E-002
   13.500000    0.000000    0.000000   13.600000  -3.9198315448E-002
   13.600000    0.000000    0.000000   13.700000  -3.8910092540E-002
   13.700000    0.000000    0.000000   13.800000  -3.8626077266E-002
   13.800000    0.000000    0.000000   13.900000  -3.8346178155E-002
   13.900000    0.000000    0.000000   14.000000  -3.8070306370E-002
   14.000000    0.000000    0.000000   14.100000  -3.7798375610E-002
   14.100000    0.000000    0.000000   14.200000  -3.7530302024E-002
   14.200000    0.000000    0.000000   14.300000  -3.7266004123E-002
   14.300000    0.000000    0.000000   14.400000  -3.7005402695E-002
   14.400000    0.000000    0.000000   14.500000  -3.6748420732E-002
   14.500000    0.000000    0.000000   14.600000  -3.6494983348E-002
   14.600000    0.000000    0.000000   14.700000  -3.6245017708E-002
   14.700000    0.000000    0.000000   14.800000  -3.5998452962E-002
   14.800000    0.000000    0.000000   14.900000  -3.5755220172E-002
   14.900000    0.000000    0.000000   15.000000  -3.5515252251E-002
   15.000000    0.000000    0.000000   15.100000  -3.5278483903E-002
   15.100000    0.000000    0.000000   15.200000  -3.5044851559E-002
   15.200000    0.000000    0.000000   15.300000  -3.4814293325E-002
   15.300000    0.000000    0.000000   15.400000  -3.4586748924E-002
   15.400000    0.000000    0.000000   15.500000  -3.4362159646E-002
   15.500000    0.000000    0.000000   15.600000  -3.4140468293E-002
   15.600000    0.000000    0.000000   15.700000  -3.3921619137E-002
   15.700000    0.000000    0.000000   15.800000  -3.3705557869E-002
   15.800000    0.000000    0.000000   15.900000  -3.3492231553E-002
   15.900000    0.000000    0.000000   16.000000  -3.3281588588E-002
   16.000000    0.000000    0.000000   16.100000  -3.3073578659E-002
   16.100000    0.000000    0.000000   16.200000  -3.2868152705E-002
   16.200000    0.000000    0.000000   16.300000  -3.2665262873E-002
   16.300000    0.000000    0.000000   16.400000  -3.2464862487E-002
   16.400000    0.000000    0.000000   16.500000  -3.2266906009E-002
   16.500000    0.000000    0.000000   16.600000  -3.2071349003E-002
   16.600000    0.000000    0.000000   16.700000  -3.1878148105E-002
   16.700000    0.000000    0.000000   16.800000  -3.1687260991E-002
   16.800000    0.000000    0.000000   16.900000  -3.1498646342E-002
   16.900000    0.000000    0.000000   17.000000  -3.1312263819E-002
   17.000000    0.000000    0.000000   17.100000  -3.1128074032E-002
   17.100000    0.000000    0.000000   17.200000  -3.0946038511E-002
   17.200000    0.000000    0.000000   17.300000  -3.0766119683E-002
   17.300000    0.000000    0.000000   17.400000  -3.0588280841E-002
   17.400000    0.000000    0.000000   17.500000  -3.0412486123E-002
   17.500000    0.000000    0.000000   17.600000  -3.0238700488E-002
   17.600000    0.000000    0.000000   17.700000  -3.0066889690E-002
   17.700000    0.000000    0.000000   17.800000  -2.9897020257E-002
   17.800000    0.000000    0.000000   17.900000  -2.9729059469E-002
   17.900000    0.000000    0.000000   18.000000  -2.9562975338E-002
   18.000000    0.000000    0.000000   18.100000  -2.9398736586E-002
   18.100000    0.000000    0.000000   18.200000  -2.9236312627E-002
   18.200000    0.000000    0.000000   18.300000  -2.9075673546E-002
   18.300000    0.000000    0.000000   18.400000  -2.8916790084E-002
   18.400000    0.000000    0.000000   18.500000  -2.8759633617E-002
   18.500000    0.000000    0.000000   18.600000  -2.8604176138E-002
   18.600000    0.000000    0.000000   18.700000  -2.8450390244E-002
   18.700000    0.000000    0.000000   18.800000  -2.8298249120E-002
   18.800000    0.000000    0.000000   18.900000  -2.8147726518E-002
   18.900000    0.000000    0.000000   19.000000  -2.7998796748E-002
   19.000000    0.000000    0.000000   19.100000  -2.7851434660E-002
   19.100000    0.000000    0.000000   19.200000  -2.7705615631E-002
   19.200000    0.000000    0.000000   19.300000  -2.7561315549E-002
   19.300000    0.000000    0.000000   19.400000  -2.7418510805E-002
   19.400000    0.000000    0.000000   19.500000  -2.7277178275E-002
   19.500000    0.000000    0.000000   19.600000  -2.7137295310E-002
   19.600000    0.000000    0.000000   19.700000  -2.6998839722E-002
   19.700000    0.000000    0.000000   19.800000  -2.6861789774E-002
   19.800000    0.000000    0.000000   19.900000  -2.6726124169E-002
   19.900000    0.000000    0.000000   20.000000  -2.6591822037E-002
   20.000000    0.000000    0.000000   20.100000  -2.6458862927E-002
   20.100000    0.000000    0.000000   20.200000  -2.6327226793E-002
   20.200000    0.000000    0.000000   20.300000  -2.6196893987E-002
   20.300000    0.000000    0.000000   20.400000  -2.6067845248E-002
   20.400000    0.000000    0.000000   20.500000  -2.5940061693E-002
   20.500000    0.000000    0.000000   20.600000  -2.5813524807E-002
   20.600000    0.000000    0.000000   20.700000  -2.5688216434E-002
   20.700000    0.000000    0.000000   20.800000  -2.5564118770E-002
   20.800000    0.000000    0.000000   20.900000  -2.5441214353E-002
   20.900000    0.000000    0.000000   21.000000  -2.5319486055E-002
   21.000000    0.000000    0.000000   21.100000  -2.5198917074E-002
   21.100000    0.000000    0.000000   21.200000  -2.5079490926E-002
   21.200000    0.000000    0.000000   21.300000  -2.4961191441E-002
   21.300000    0.000000    0.000000   21.400000  -2.4844002749E-002
   21.400000    0.000000    0.000000   21.500000  -2.4727909278E-002
   21.500000    0.000000    0.000000   21.600000  -2.4612895746E-002
   21.600000    0.000000    0.000000   21.700000  -2.4498947155E-002
   21.700000    0.000000    0.000000   21.800000  -2.4386048781E-002
   21.800000    0.000000    0.000000   21.900000  -2.4274186172E-002
   21.900000    0.000000    0.000000   22.000000  -2.4163345139E-002
   22.000000    0.000000    0.000000   22.100000  -2.4053511752E-002
   22.100000    0.000000    0.000000   22.200000  -2.3944672332E-002
   22.200000    0.000000    0.000000   22.300000  -2.3836813448E-002
   22.300000    0.000000    0.000000   22.400000  -2.3729921908E-002
   22.400000    0.000000    0.000000   22.500000  -2.3623984756E-002
   22.500000    0.000000    0.000000   22.600000  -2.3518989269E-002
   22.600000    0.000000    0.000000   22.700000  -2.3414922944E-002
   22.700000    0.000000    0.000000   22.800000  -2.3311773504E-002
   22.800000    0.000000    0.000000   22.900000  -2.3209528884E-002
   22.900000    0.000000    0.000000   23.000000  -2.3108177229E-002
   23.000000    0.000000    0.000000   23.100000  -2.3007706893E-002
   23.100000    0.000000    0.000000   23.200000  -2.2908106430E-002
   23.200000    0.000000    0.000000   23.300000  -2.2809364592E-002
   23.300000    0.000000    0.000000   23.400000  -2.2711470324E-002
   23.400000    0.000000    0.000000   23.500000  -2.2614412758E-002
   23.500000    0.000000    0.000000   23.600000  -2.2518181215E-002
   23.600000    0.000000    0.000000   23.700000  -2.2422765193E-002
   23.700000    0.000000    0.000000   23.800000  -2.2328154369E-002
   23.800000    0.000000    0.000000   23.900000  -2.2234338594E-002
   23.900000    0.000000    0.000000   24.000000  -2.2141307889E-002
   24.000000    0.000000    0.000000   24.100000  -2.2049052439E-002
   24.100000    0.000000    0.000000   24.200000  -2.1957562595E-002
   24.200000    0.000000    0.000000   24.300000  -2.1866828865E-002
   24.300000    0.000000    0.000000   24.400000  -2.1776841915E-002
   24.400000    0.000000    0.000000   24.500000  -2.1687592563E-002
   24.500000    0.000000    0.000000   24.600000  -2.1599071777E-002
   24.600000    0.000000    0.000000   24.700000  -2.1511270673E-002
   24.700000    0.000000    0.000000   24.800000  -2.1424180508E-002
   24.800000    0.000000    0.000000   24.900000  -2.1337792683E-002
   24.900000    0.000000    0.000000   25.000000  -2.1252098737E-002
   25.000000    0.000000    0.000000   25.100000  -2.1167090342E-002
   25.100000    0.000000    0.000000   25.200000  -2.1082759305E-002
   25.200000    0.000000    0.000000   25.300000  -2.0999097561E-002
   25.300000    0.000000    0.000000   25.400000  -2.0916097176E-002
   25.400000    0.000000    0.000000   25.500000  -2.0833750336E-002
   25.500000    0.000000    0.000000   25.600000  -2.0752049355E-002
   25.600000    0.000000    0.000000   25.700000  -2.0670986662E-002
   25.700000    0.000000    0.000000   25.800000  -2.0590554807E-002
   25.800000    0.000000    0.000000   25.900000  -2.0510746455E-002
   25.900000    0.000000    0.000000   26.000000  -2.0431554384E-002
   26.000000    0.000000    0.000000   26.100000  -2.0352971482E-002
   26.100000    0.000000    0.000000   26.200000  -2.0274990749E-002
   26.200000    0.000000    0.000000   26.300000  -2.0197605288E-002
   26.300000    0.000000    0.000000   26.400000  -2.0120808310E-002
   26.400000    0.000000    0.000000   26.500000  -2.0044593127E-002
   26.500000    0.000000    0.000000   26.600000  -1.9968953153E-002
   26.600000    0.000000    0.000000   26.700000  -1.9893881900E-002
   26.700000    0.000000    0.000000   26.800000  -1.9819372979E-002
   26.800000    0.000000    0.000000   26.900000  -1.9745420095E-002
   26.900000    0.000000    0.000000   27.000000  -1.9672017046E-002
   27.000000    0.000000    0.000000   27.100000  -1.9599157724E-002
   27.100000    0.000000    0.000000   27.200000  -1.9526836109E-002
   27.200000    0.000000    0.000000   27.300000  -1.9455046270E-002
   27.300000    0.000000    0.000000   27.400000  -1.9383782364E-002
   27.400000    0.000000    0.000000   27.500000  -1.9313038633E-002
   27.500000    0.000000    0.000000   27.600000  -1.9242809402E-002
   27.600000    0.000000    0.000000   27.700000  -1.9173089078E-002
   27.700000    0.000000    0.000000   27.800000  -1.9103872150E-002
   27.800000    0.000000    0.000000   27.900000  -1.9035153185E-002
   27.900000    0.000000    0.000000   28.000000  -1.8966926830E-002
   28.000000    0.000000    0.000000   28.100000  -1.8899187805E-002
   28.100000    0.000000    0.000000   28.200000  -1.8831930909E-002
   28.200000    0.000000    0.000000   28.300000  -1.8765151012E-002
   28.300000    0.000000    0.000000   28.400000  -1.8698843058E-002
   28.400000    0.000000    0.000000   28.500000  -1.8633002061E-002
   28.500000    0.000000    0.000000   28.600000  -1.8567623107E-002
   28.600000    0.000000    0.000000   28.700000  -1.8502701348E-002
   28.700000    0.000000    0.000000   28.800000  -1.8438232005E-002
   28.800000    0.000000    0.000000   28.900000  -1.8374210366E-002
   28.900000    0.000000    0.000000   29.000000  -1.8310631784E-002
   29.000000    0.000000    0.000000   29.100000  -1.8247491674E-002
   29.100000    0.000000    0.000000   29.200000  -1.8184785517E-002
   29.200000    0.000000    0.000000   29.300000  -1.8122508854E-002
   29.300000    0.000000    0.000000   29.400000  -1.8060657288E-002
   29.400000    0.000000    0.000000   29.500000  -1.7999226481E-002
   29.500000    0.000000    0.000000   29.600000  -1.7938212154E-002
   29.600000    0.000000    0.000000   29.700000  -1.7877610086E-002
   29.700000    0.000000    0.000000   29.800000  -1.7817416113E-002
   29.800000    0.000000    0.000000   29.900000  -1.7757626126E-002
   29.900000    0.000000    0.000000   30.000000  -1.7698236072E-002
   30.000000    0.000000    0.000000   30.100000  -1.7639241951E-002
   30.100000    0.000000    0.000000   30.200000  -1.7580639819E-002
   30.200000    0.000000    0.000000   30.300000  -1.7522425780E-002
   30.300000    0.000000    0.000000   30.400000  -1.7464595992E-002
   30.400000    0.000000    0.000000   30.500000  -1.7407146663E-002
   30.500000    0.000000    0.000000   30.600000  -1.7350074051E-002
   30.600000    0.000000    0.000000   30.700000  -1.7293374462E-002
   30.700000    0.000000    0.000000   30.800000  -1.7237044252E-002
   30.800000    0.000000    0.000000   30.900000  -1.7181079823E-002
   30.900000    0.000000    0.000000   31.000000  -1.7125477623E-002
   31.000000    0.000000    0.000000   31.100000  -1.7070234147E-002
   31.100000    0.000000    0.000000   31.200000  -1.7015345934E-002
   31.200000    0.000000    0.000000   31.300000  -1.6960809569E-002
   31.300000    0.000000    0.000000   31.400000  -1.6906621679E-002
   31.400000    0.000000    0.000000   31.500000  -1.6852778935E-002
   31.500000    0.000000    0.000000   31.600000  -1.6799278049E-002
   31.600000    0.000000    0.000000   31.700000  -1.6746115777E-002
   31.700000    0.000000    0.000000   31.800000  -1.6693288913E-002
   31.800000    0.000000    0.000000   31.900000  -1.6640794294E-002
   31.900000    0.000000    0.000000   32.000000  -1.6588628794E-002
   32.000000    0.000000    0.000000   32.100000  -1.6536789329E-002
   32.100000    0.000000    0.000000   32.200000  -1.6485272852E-002
   32.200000    0.000000    0.000000   32.300000  -1.6434076352E-002
   32.300000    0.000000    0.000000   32.400000  -1.6383196859E-002
   32.400000    0.000000    0.000000   32.500000  -1.6332631437E-002
   32.500000    0.000000    0.000000   32.600000  -1.6282377186E-002
   32.600000    0.000000    0.000000   32.700000  -1.6232431244E-002
   32.700000    0.000000    0.000000   32.800000  -1.6182790781E-002
   32.800000    0.000000    0.000000   32.900000  -1.6133453004E-002
   32.900000    0.000000    0.000000   33.000000  -1.6084415153E-002
   33.000000    0.000000    0.000000   33.100000  -1.6035674501E-002
   33.100000    0.000000    0.000000   33.200000  -1.5987228355E-002
   33.200000    0.000000    0.000000   33.300000  -1.5939074053E-002
   33.300000    0.000000    0.000000   33.400000  -1.5891208965E-002
   33.400000    0.000000    0.000000   33.500000  -1.5843630495E-002
   33.500000    0.000000    0.000000   33.600000  -1.5796336076E-002
   33.600000    0.000000    0.000000   33.700000  -1.5749323171E-002
   33.700000    0.000000    0.000000   33.800000  -1.5702589274E-002
   33.800000    0.000000    0.000000   33.900000  -1.5656131910E-002
   33.900000    0.000000    0.000000   34.000000  -1.5609948630E-002
   34.000000    0.000000    0.000000   34.100000  -1.5564037016E-002
   34.100000    0.000000    0.000000   34.200000  -1.5518394679E-002
   34.200000    0.000000    0.000000   34.300000  -1.5473019256E-002
   34.300000    0.000000    0.000000   34.400000  -1.5427908412E-002
   34.400000    0.000000    0.000000   34.500000  -1.5383059841E-002
   34.500000    0.000000    0.000000   34.600000  -1.5338471262E-002
   34.600000    0.000000    0.000000   34.700000  -1.5294140420E-002
   34.700000    0.000000    0.000000   34.800000  -1.5250065088E-002
   34.800000    0.000000    0.000000   34.900000  -1.5206243062E-002
   34.900000    0.000000    0.000000   35.000000  -1.5162672165E-002
   35.000000    0.000000    0.000000   35.100000  -1.5119350244E-002
   35.100000    0.000000    0.000000   35.200000  -1.5076275172E-002
   35.200000    0.000000    0.000000   35.300000  -1.5033444845E-002
   35.300000    0.000000    0.000000   35.400000  -1.4990857183E-002
   35.400000    0.000000    0.000000   35.500000  -1.4948510128E-002
   35.500000    0.000000    0.000000   35.600000  -1.4906401649E-002
   35.600000    0.000000    0.000000   35.700000  -1.4864529734E-002
   35.700000    0.000000    0.000000   35.800000  -1.4822892396E-002
   35.800000    0.000000    0.000000   35.900000  -1.4781487669E-002
   35.900000    0.000000    0.000000   36.000000  -1.4740313608E-002
   36.000000    0.000000    0.000000   36.100000  -1.4699368293E-002
   36.100000    0.000000    0.000000   36.200000  -1.4658649821E-002
   36.200000    0.000000    0.000000   36.300000  -1.4618156313E-002
   36.300000    0.000000    0.000000   36.400000  -1.4577885910E-002
   36.400000    0.000000    0.000000   36.500000  -1.4537836773E-002
   36.500000    0.000000    0.000000   36.600000  -1.4498007083E-002
   36.600000    0.000000    0.000000   36.700000  -1.4458395042E-002
   36.700000    0.000000    0.000000   36.800000  -1.4418998870E-002
   36.800000    0.000000    0.000000   36.900000  -1.4379816808E-002
   36.900000    0.000000    0.000000   37.000000  -1.4340847115E-002
   37.000000    0.000000    0.000000   37.100000  -1.4302088069E-002
   37.100000    0.000000    0.000000   37.200000  -1.4263537966E-002
   37.200000    0.000000    0.000000   37.300000  -1.4225195122E-002
   37.300000    0.000000    0.000000   37.400000  -1.4187057870E-002
   37.400000    0.000000    0.000000   37.500000  -1.4149124560E-002
   37.500000    0.000000    0.000000   37.600000  -1.4111393561E-002
   37.600000    0.000000    0.000000   37.700000  -1.4073863259E-002
   37.700000    0.000000    0.000000   37.800000  -1.4036532057E-002
   37.800000    0.000000    0.000000   37.900000  -1.3999398374E-002
   37.900000    0.000000    0.000000   38.000000  -1.3962460648E-002
   38.000000    0.000000    0.000000   38.100000  -1.3925717330E-002
   38.100000    0.000000    0.000000   38.200000  -1.3889166891E-002
   38.200000    0.000000    0.000000   38.300000  -1.3852807815E-002
   38.300000    0.000000    0.000000   38.400000  -1.3816638604E-002
   38.400000    0.000000    0.000000   38.500000  -1.3780657775E-002
   38.500000    0.000000    0.000000   38.600000  -1.3744863858E-002
   38.600000    0.000000    0.000000   38.700000  -1.3709255403E-002
   38.700000    0.000000    0.000000   38.800000  -1.3673830970E-002
   38.800000    0.000000    0.000000   38.900000  -1.3638589138E-002
   38.900000    0.000000    0.000000   39.000000  -1.3603528497E-002
   39.000000    0.000000    0.000000   39.100000  -1.3568647655E-002
   39.100000    0.000000    0.000000   39.200000  -1.3533945231E-002
   39.200000    0.000000    0.000000   39.300000  -1.3499419861E-002
   39.300000    0.000000    0.000000   39.400000  -1.3465070192E-002
   39.400000    0.000000    0.000000   39.500000  -1.3430894887E-002
   39.500000    0.000000    0.000000   39.600000  -1.3396892621E-002
   39.600000    0.000000    0.000000   39.700000  -1.3363062084E-002
   39.700000    0.000000    0.000000   39.800000  -1.3329401978E-002
   39.800000    0.000000    0.000000   39.900000  -1.3295911019E-002
   39.900000    0.000000    0.000000   40.000000  -1.3262587933E-002
   40.000000    0.000000    0.000000   40.100000  -1.3229431464E-002
   40.100000    0.000000    0.000000   40.200000  -1.3196440363E-002
   40.200000    0.000000    0.000000   40.300000  -1.3163613397E-002
   40.300000    0.000000    0.000000   40.400000  -1.3130949344E-002
   40.400000    0.000000    0.000000   40.500000  -1.3098446994E-002
   40.500000    0.000000    0.000000   40.600000  -1.3066105149E-002
   40.600000    0.000000    0.000000   40.700000  -1.3033922624E-002
   40.700000    0.000000    0.000000   40.800000  -1.3001898244E-002
   40.800000    0.000000    0.000000   40.900000  -1.2970030847E-002
   40.900000    0.000000    0.000000   41.000000  -1.2938319280E-002
   41.000000    0.000000    0.000000   41.100000  -1.2906762404E-002
   41.100000    0.000000    0.000000   41.200000  -1.2875359089E-002
   41.200000    0.000000    0.000000   41.300000  -1.2844108217E-002
   41.300000    0.000000    0.000000   41.400000  -1.2813008681E-002
   41.400000    0.000000    0.000000   41.500000  -1.2782059385E-002
   41.500000    0.000000    0.000000   41.600000  -1.2751259242E-002
   41.600000    0.000000    0.000000   41.700000  -1.2720607177E-002
   41.700000    0.000000    0.000000   41.800000  -1.2690102123E-002
   41.800000    0.000000    0.000000   41.900000  -1.2659743027E-002
   41.900000    0.000000    0.000000   42.000000  -1.2629528844E-002
   42.000000    0.000000    0.000000   42.100000  -1.2599458537E-002
   42.100000    0.000000    0.000000   42.200000  -1.2569531082E-002
   42.200000    0.000000    0.000000   42.300000  -1.2539745463E-002
   42.300000    0.000000    0.000000   42.400000  -1.2510100675E-002
   42.400000    0.000000    0.000000   42.500000  -1.2480595720E-002
   42.500000    0.000000    0.000000   42.600000  -1.2451229613E-002
   42.600000    0.000000    0.000000   42.700000  -1.2422001374E-002
   42.700000    0.000000    0.000000   42.800000  -1.2392910036E-002
   42.800000    0.000000    0.000000   42.900000  -1.2363954639E-002
   42.900000    0.000000    0.000000   43.000000  -1.2335134232E-002
   43.000000    0.000000    0.000000   43.100000  -1.2306447873E-002
   43.100000    0.000000    0.000000   43.200000  -1.2277894630E-002
   43.200000    0.000000    0.000000   43.300000  -1.2249473577E-002
   43.300000    0.000000    0.000000   43.400000  -1.2221183800E-002
   43.400000    0.000000    0.000000   43.500000  -1.2193024390E-002
   43.500000    0.000000    0.000000   43.600000  -1.2164994449E-002
   43.600000    0.000000    0.000000   43.700000  -1.2137093086E-002
   43.700000    0.000000    0.000000   43.800000  -1.2109319417E-002
   43.800000    0.000000    0.000000   43.900000  -1.2081672569E-002
   43.900000    0.000000    0.000000   44.000000  -1.2054151675E-002
   44.000000    0.000000    0.000000   44.100000  -1.2026755876E-002
   44.100000    0.000000    0.000000   44.200000  -1.1999484321E-002
   44.200000    0.000000    0.000000   44.300000  -1.1972336166E-002
   44.300000    0.000000    0.000000   44.400000  -1.1945310577E-002
   44.400000    0.000000    0.000000   44.500000  -1.1918406724E-002
   44.500000    0.000000    0.000000   44.600000  -1.1891623788E-002
   44.600000    0.000000    0.000000   44.700000  -1.1864960954E-002
   44.700000    0.000000    0.000000   44.800000  -1.1838417417E-002
   44.800000    0.000000    0.000000   44.900000  -1.1811992378E-002
   44.900000    0.000000    0.000000   45.000000  -1.1785685046E-002
   45.000000    0.000000    0.000000   45.100000  -1.1759494634E-002
   45.100000    0.000000    0.000000   45.200000  -1.1733420367E-002
   45.200000    0.000000    0.000000   45.300000  -1.1707461472E-002
   45.300000    0.000000    0.000000   45.400000  -1.1681617186E-002
   45.400000    0.000000    0.000000   45.500000  -1.1655886752E-002
   45.500000    0.000000    0.000000   45.600000  -1.1630269419E-002
   45.600000    0.000000    0.000000   45.700000  -1.1604764442E-002
   45.700000    0.000000    0.000000   45.800000  -1.1579371084E-002
   45.800000    0.000000    0.000000   45.900000  -1.1554088614E-002
   45.900000    0.000000    0.000000   46.000000  -1.1528916308E-002
   46.000000    0.000000    0.000000   46.100000  -1.1503853447E-002
   46.100000    0.000000    0.000000   46.200000  -1.1478899318E-002
   46.200000    0.000000    0.000000   46.300000  -1.1454053215E-002
   46.300000    0.000000    0.000000   46.400000  -1.1429314439E-002
   46.400000    0.000000    0.000000   46.500000  -1.1404682296E-002
   46.500000    0.000000    0.000000   46.600000  -1.1380156098E-002
   46.600000    0.000000    0.000000   46.700000  -1.1355735162E-002
   46.700000    0.000000    0.000000   46.800000  -1.1331418813E-002
   46.800000    0.000000    0.000000   46.900000  -1.1307206379E-002
   46.900000    0.000000    0.000000   47.000000  -1.1283097197E-002
   47.000000    0.000000    0.000000   47.100000  -1.1259090607E-002
   47.100000    0.000000    0.000000   47.200000  -1.1235185956E-002
   47.200000    0.000000    0.000000   47.300000  -1.1211382596E-002
   47.300000    0.000000    0.000000   47.400000  -1.1187679885E-002
   47.400000    0.000000    0.000000   47.500000  -1.1164077184E-002
   47.500000    0.000000    0.000000   47.600000  -1.1140573864E-002
   47.600000    0.000000    0.000000   47.700000  -1.1117169297E-002
   47.700000    0.000000    0.000000   47.800000  -1.1093862863E-002
   47.800000    0.000000    0.000000   47.900000  -1.1070653944E-002
   47.900000    0.000000    0.000000   48.000000  -1.1047541932E-002
   48.000000    0.000000    0.000000   48.100000  -1.1024526220E-002
   48.100000    0.000000    0.000000   48.200000  -1.1001606207E-002
   48.200000    0.000000    0.000000   48.300000  -1.0978781298E-002
   48.300000    0.000000    0.000000   48.400000  -1.0956050902E-002
   48.400000    0.000000    0.000000   48.500000  -1.0933414433E-002
   48.500000    0.000000    0.000000   48.600000  -1.0910871310E-002
   48.600000    0.000000    0.000000   48.700000  -1.0888420958E-002
   48.700000    0.000000    0.000000   48.800000  -1.0866062804E-002
   48.800000    0.000000    0.000000   48.900000  -1.0843796282E-002
   48.900000    0.000000    0.000000   49.000000  -1.0821620829E-002
   49.000000    0.000000    0.000000   49.100000  -1.0799535889E-002
   49.100000    0.000000    0.000000   49.200000  -1.0777540907E-002
   49.200000    0.000000    0.000000   49.300000  -1.0755635336E-002
   49.300000    0.000000    0.000000   49.400000  -1.0733818632E-002
   49.400000    0.000000    0.000000   49.500000  -1.0712090254E-002
   49.500000    0.000000    0.000000   49.600000  -1.0690449668E-002
   49.600000    0.000000    0.000000   49.700000  -1.0668896342E-002
   49.700000    0.000000    0.000000   49.800000  -1.0647429749E-002
   49.800000    0.000000    0.000000   49.900000  -1.0626049368E-002
   49.900000    0.000000    0.000000   50.000000  -1.0604754680E-002
