O-E+
#
10
1 0
10.92874670 -1.86882403e+01
25.400000000000006 0.0 0.0
2 0
10.92678075 -1.88372156e+01
25.400000000000006 0.0 0.0
3 0
1.59505671 1.01289463e+00
25.400000000000006 0.0 0.0
4 0
543.88698915 2.26771656e+01
25.400000000000006 0.0 0.0
5 0
17.26208026 -6.55912280e+00
25.400000000000006 0.0 0.0
6 0
9.42169381 2.17817939e+01
25.400000000000006 0.0 0.0
7 0
13.79661416 2.58219083e+01
25.400000000000006 0.0 0.0
8 0
0.01295266 -3.17385466e-01
25.400000000000006 0.0 0.0
9 0
46.64501778 4.49664611e+00
25.400000000000006 0.0 0.0
10 0
143.45880478 7.71590556e+00
25.400000000000006 0.0 0.0
