    0.000000    0.000000    0.000000    0.052918   9.9159200183E+002
    0.052918    0.000000    0.000000    0.105835   3.2097591484E+001
    0.105835    0.000000    0.000000    0.158753   1.3022569583E+001
    0.158753    0.000000    0.000000    0.211671   7.2752693845E+000
    0.211671    0.000000    0.000000    0.264589   4.7309113245E+000
    0.264589    0.000000    0.000000    0.317506   3.3723299779E+000
    0.317506    0.000000    0.000000    0.370424   2.5509788972E+000
    0.370424    0.000000    0.000000    0.423342   2.0067133849E+000
    0.423342    0.000000    0.000000    0.476259   1.6201250523E+000
    0.476259    0.000000    0.000000    0.529177   1.3309994542E+000
    0.529177    0.000000    0.000000    0.582095   1.1065383511E+000
    0.582095    0.000000    0.000000    0.635013   9.2756677871E-001
    0.635013    0.000000    0.000000    0.687930   7.8212228391E-001
    0.687930    0.000000    0.000000    0.740848   6.6229830760E-001
    0.740848    0.000000    0.000000    0.793766   5.6260077671E-001
    0.793766    0.000000    0.000000    0.846684   4.7904499455E-001
    0.846684    0.000000    0.000000    0.899601   4.0863733856E-001
    0.899601    0.000000    0.000000    0.952519   3.4906424488E-001
    0.952519    0.000000    0.000000    1.005437   2.9849812812E-001
    1.005437    0.000000    0.000000    1.058354   2.5547094494E-001
    1.058354    0.000000    0.000000    1.111272   2.1878792921E-001
    1.111272    0.000000    0.000000    1.164190   1.8746681616E-001
    1.164190    0.000000    0.000000    1.217108   1.6069303414E-001
    1.217108    0.000000    0.000000    1.270025   1.3778636256E-001
    1.270025    0.000000    0.000000    1.322943   1.1817547897E-001
    1.322943    0.000000    0.000000    1.375861   1.0137806354E-001
    1.375861    0.000000    0.000000    1.428778   8.6985460690E-002
    1.428778    0.000000    0.000000    1.481696   7.4650187489E-002
    1.481696    0.000000    0.000000    1.534614   6.4076050208E-002
    1.534614    0.000000    0.000000    1.587532   5.5010159523E-002
    1.587532    0.000000    0.000000    1.640449   4.7236260141E-002
    1.640449    0.000000    0.000000    1.693367   4.0569314609E-002
    1.693367    0.000000    0.000000    1.746285   3.4850768753E-002
    1.746285    0.000000    0.000000    1.799203   2.9944845357E-002
    1.799203    0.000000    0.000000    1.852120   2.5735258265E-002
    1.852120    0.000000    0.000000    1.905038   2.2122271338E-002
    1.905038    0.000000    0.000000    1.957956   1.9020611360E-002
    1.957956    0.000000    0.000000    2.010873   1.6357157205E-002
    2.010873    0.000000    0.000000    2.063791   1.4069238081E-002
    2.063791    0.000000    0.000000    2.116709   1.2103332148E-002
    2.116709    0.000000    0.000000    2.169627   1.0413508108E-002
    2.169627    0.000000    0.000000    2.222544   8.9605117542E-003
    2.222544    0.000000    0.000000    2.275462   7.7107385831E-003
    2.275462    0.000000    0.000000    2.328380   6.6354472154E-003
    2.328380    0.000000    0.000000    2.381297   5.7099607503E-003
    2.381297    0.000000    0.000000    2.434215   4.9132110899E-003
    2.434215    0.000000    0.000000    2.487133   4.2271187211E-003
    2.487133    0.000000    0.000000    2.540051   3.6362068546E-003
    2.540051    0.000000    0.000000    2.592968   3.1271838046E-003
    2.592968    0.000000    0.000000    2.645886   2.6886969475E-003
    2.645886    0.000000    0.000000    2.698804   2.3108978209E-003
    2.698804    0.000000    0.000000    2.751721   1.9854418504E-003
    2.751721    0.000000    0.000000    2.804639   1.7051183774E-003
    2.804639    0.000000    0.000000    2.857557   1.4636571660E-003
    2.857557    0.000000    0.000000    2.910475   1.2557459020E-003
    2.910475    0.000000    0.000000    2.963392   1.0767874135E-003
    2.963392    0.000000    0.000000    3.016310   9.2275444350E-004
    3.016310    0.000000    0.000000    3.069228   7.9029623703E-004
    3.069228    0.000000    0.000000    3.122146   6.7640466335E-004
    3.122146    0.000000    0.000000    3.175063   5.7851815654E-004
    3.175063    0.000000    0.000000    3.227981   4.9448517943E-004
    3.227981    0.000000    0.000000    3.280899   4.2234870807E-004
    3.280899    0.000000    0.000000    3.333816   3.6049731176E-004
    3.333816    0.000000    0.000000    3.386734   3.0748214629E-004
    3.386734    0.000000    0.000000    3.439652   2.6207935641E-004
    3.439652    0.000000    0.000000    3.492570   2.2321231387E-004
    3.492570    0.000000    0.000000    3.545487   1.8999713869E-004
    3.545487    0.000000    0.000000    3.598405   1.6161515032E-004
    3.598405    0.000000    0.000000    3.651323   1.3738221091E-004
    3.651323    0.000000    0.000000    3.704240   1.1673027453E-004
    3.704240    0.000000    0.000000    3.757158   9.9115228030E-005
    3.757158    0.000000    0.000000    3.810076   8.4116406973E-005
    3.810076    0.000000    0.000000    3.862994   7.1361121955E-005
    3.862994    0.000000    0.000000    3.915911   6.0514068796E-005
    3.915911    0.000000    0.000000    3.968829   5.1299503518E-005
    3.968829    0.000000    0.000000    4.021747   4.3465774818E-005
    4.021747    0.000000    0.000000    4.074665   3.6823378216E-005
    4.074665    0.000000    0.000000    4.127582   3.1203325418E-005
    4.127582    0.000000    0.000000    4.180500   2.6431308254E-005
    4.180500    0.000000    0.000000    4.233418   2.2381851560E-005
    4.233418    0.000000    0.000000    4.286335   1.8962445792E-005
    4.286335    0.000000    0.000000    4.339253   1.6073747574E-005
    4.339253    0.000000    0.000000    4.392171   1.3611292287E-005
    4.392171    0.000000    0.000000    4.445089   1.1543741686E-005
    4.445089    0.000000    0.000000    4.498006   9.7898755675E-006
    4.498006    0.000000    0.000000    4.550924   8.3124209833E-006
    4.550924    0.000000    0.000000    4.603842   7.0497387439E-006
    4.603842    0.000000    0.000000    4.656759   5.9926933133E-006
    4.656759    0.000000    0.000000    4.709677   5.1012228746E-006
    4.709677    0.000000    0.000000    4.762595   4.3435388863E-006
    4.762595    0.000000    0.000000    4.815513   3.6966616929E-006
    4.815513    0.000000    0.000000    4.868430   3.1494225782E-006
    4.868430    0.000000    0.000000    4.921348   2.6872274993E-006
    4.921348    0.000000    0.000000    4.974266   2.2960616030E-006
    4.974266    0.000000    0.000000    5.027184   1.9605929760E-006
    5.027184    0.000000    0.000000    5.080101   1.6818854972E-006
    5.080101    0.000000    0.000000    5.133019   1.4498578889E-006
    5.133019    0.000000    0.000000    5.185937   1.2309858348E-006
    5.185937    0.000000    0.000000    5.238854   1.0672331912E-006
    5.238854    0.000000    0.000000    5.291772   9.1012625225E-007
    5.291772    0.000000    0.000000    5.344690   7.8218782840E-007
    5.344690    0.000000    0.000000    5.397608   6.7931797482E-007
    5.397608    0.000000    0.000000    5.450525   5.8483486803E-007
    5.450525    0.000000    0.000000    5.503443   5.0725886308E-007
    5.503443    0.000000    0.000000    5.556361   4.3152508422E-007
    5.556361    0.000000    0.000000    5.609278   3.7225049615E-007
    5.609278    0.000000    0.000000    5.662196   3.2163238850E-007
    5.662196    0.000000    0.000000    5.715114   2.8508239963E-007
    5.715114    0.000000    0.000000    5.768032   2.3665837084E-007
    5.768032    0.000000    0.000000    5.820949   2.0529787337E-007
    5.820949    0.000000    0.000000    5.873867   1.8097866616E-007
    5.873867    0.000000    0.000000    5.926785   1.5242662743E-007
    5.926785    0.000000    0.000000    5.979702   1.3114027697E-007
    5.979702    0.000000    0.000000    6.032620   1.1492769225E-007
    6.032620    0.000000    0.000000    6.085538   9.6130447824E-008
    6.085538    0.000000    0.000000    6.138456   8.2220814823E-008
    6.138456    0.000000    0.000000    6.191373   7.0112323225E-008
    6.191373    0.000000    0.000000    6.244291   5.9807614083E-008
    6.244291    0.000000    0.000000    6.297209   5.1191460126E-008
    6.297209    0.000000    0.000000    6.350127   4.2065912975E-008
    6.350127    0.000000    0.000000    6.403044   3.5248801544E-008
    6.403044    0.000000    0.000000    6.455962   2.8931974150E-008
    6.455962    0.000000    0.000000    6.508880   2.3076542066E-008
    6.508880    0.000000    0.000000    6.561797   1.6861072927E-008
    6.561797    0.000000    0.000000    6.614715   1.1921848175E-008
    6.614715    0.000000    0.000000    6.667633   9.2449982669E-009
    6.667633    0.000000    0.000000    6.720551   5.5578479041E-009
    6.720551    0.000000    0.000000    6.773468   3.3331858384E-009
    6.773468    0.000000    0.000000    6.826386   2.4323451031E-009
    6.826386    0.000000    0.000000    6.879304  -1.2374793412E-009
    6.879304    0.000000    0.000000    6.932221  -3.7384887963E-009
    6.932221    0.000000    0.000000    6.985139  -3.8765326504E-009
    6.985139    0.000000    0.000000    7.038057  -5.5891325457E-009
    7.038057    0.000000    0.000000    7.090975  -7.3744732543E-009
    7.090975    0.000000    0.000000    7.143892  -8.9276318560E-009
    7.143892    0.000000    0.000000    7.196810  -1.0030794251E-008
    7.196810    0.000000    0.000000    7.249728  -1.2139388383E-008
    7.249728    0.000000    0.000000    7.302646  -1.1085385165E-008
    7.302646    0.000000    0.000000    7.355563  -1.2510561920E-008
    7.355563    0.000000    0.000000    7.408481  -1.1708146175E-008
    7.408481    0.000000    0.000000    7.461399  -1.3504527774E-008
    7.461399    0.000000    0.000000    7.514316  -1.2084371948E-008
    7.514316    0.000000    0.000000    7.567234  -1.3948386557E-008
    7.567234    0.000000    0.000000    7.620152  -1.4230093659E-008
    7.620152    0.000000    0.000000    7.673070  -1.2734362287E-008
    7.673070    0.000000    0.000000    7.725987  -1.5763278682E-008
    7.725987    0.000000    0.000000    7.778905  -1.5382780216E-008
    7.778905    0.000000    0.000000    7.831823  -1.4211028410E-008
    7.831823    0.000000    0.000000    7.884740  -1.4210426058E-008
    7.884740    0.000000    0.000000    7.937658  -1.3312840053E-008
    7.937658    0.000000    0.000000    7.990576  -1.3731993320E-008
    7.990576    0.000000    0.000000    8.043494  -1.5184261071E-008
    8.043494    0.000000    0.000000    8.096411  -1.4415014016E-008
    8.096411    0.000000    0.000000    8.149329  -1.2730109578E-008
    8.149329    0.000000    0.000000    8.202247  -1.2422594342E-008
    8.202247    0.000000    0.000000    8.255164  -1.5515489393E-008
    8.255164    0.000000    0.000000    8.308082  -1.5502650275E-008
    8.308082    0.000000    0.000000    8.361000  -1.5520196794E-008
    8.361000    0.000000    0.000000    8.413918  -1.5437562784E-008
    8.413918    0.000000    0.000000    8.466835  -1.5361144690E-008
    8.466835    0.000000    0.000000    8.519753  -1.5287213384E-008
    8.519753    0.000000    0.000000    8.572671  -1.5273830561E-008
    8.572671    0.000000    0.000000    8.625589  -1.5212981680E-008
    8.625589    0.000000    0.000000    8.678506  -1.5125950686E-008
    8.678506    0.000000    0.000000    8.731424  -1.4929129599E-008
    8.731424    0.000000    0.000000    8.784342  -1.4887637095E-008
    8.784342    0.000000    0.000000    8.837259  -1.4821386118E-008
    8.837259    0.000000    0.000000    8.890177  -1.4830212031E-008
    8.890177    0.000000    0.000000    8.943095  -1.4730254405E-008
    8.943095    0.000000    0.000000    8.996013  -1.4619343763E-008
    8.996013    0.000000    0.000000    9.048930  -1.4719674868E-008
    9.048930    0.000000    0.000000    9.101848  -1.4551812672E-008
    9.101848    0.000000    0.000000    9.154766  -1.4275553295E-008
    9.154766    0.000000    0.000000    9.207683  -1.4380374502E-008
    9.207683    0.000000    0.000000    9.260601  -1.4316426711E-008
    9.260601    0.000000    0.000000    9.313519  -1.4150537492E-008
    9.313519    0.000000    0.000000    9.366437  -1.4148667793E-008
    9.366437    0.000000    0.000000    9.419354  -1.4107387175E-008
    9.419354    0.000000    0.000000    9.472272  -1.4099572593E-008
    9.472272    0.000000    0.000000    9.525190  -1.3932817400E-008
    9.525190    0.000000    0.000000    9.578108  -1.3913772995E-008
    9.578108    0.000000    0.000000    9.631025  -1.3875922744E-008
    9.631025    0.000000    0.000000    9.683943  -1.3592498072E-008
    9.683943    0.000000    0.000000    9.736861  -1.3674417182E-008
    9.736861    0.000000    0.000000    9.789778  -1.3513467706E-008
    9.789778    0.000000    0.000000    9.842696  -1.3394135800E-008
    9.842696    0.000000    0.000000    9.895614  -1.3421637912E-008
    9.895614    0.000000    0.000000    9.948532  -1.3383979758E-008
    9.948532    0.000000    0.000000   10.001449  -1.3310271885E-008
   10.001449    0.000000    0.000000   10.054367  -1.3239440266E-008
   10.054367    0.000000    0.000000   10.107285  -1.3172056945E-008
   10.107285    0.000000    0.000000   10.160202  -1.3102711055E-008
   10.160202    0.000000    0.000000   10.213120  -1.3034999358E-008
   10.213120    0.000000    0.000000   10.266038  -1.2968818380E-008
   10.266038    0.000000    0.000000   10.318956  -1.2900928742E-008
   10.318956    0.000000    0.000000   10.371873  -1.2834712237E-008
   10.371873    0.000000    0.000000   10.424791  -1.2769580338E-008
   10.424791    0.000000    0.000000   10.477709  -1.2704373442E-008
   10.477709    0.000000    0.000000   10.530626  -1.2639381125E-008
   10.530626    0.000000    0.000000   10.583544  -1.2575447184E-008
   10.583544    0.000000    0.000000   10.636462  -1.2513641040E-008
   10.636462    0.000000    0.000000   10.689380  -1.2452159692E-008
   10.689380    0.000000    0.000000   10.742297  -1.2392088022E-008
   10.742297    0.000000    0.000000   10.795215  -1.2329892329E-008
   10.795215    0.000000    0.000000   10.848133  -1.2267507371E-008
   10.848133    0.000000    0.000000   10.901051  -1.2208711320E-008
   10.901051    0.000000    0.000000   10.953968  -1.2148440948E-008
   10.953968    0.000000    0.000000   11.006886  -1.2090549534E-008
   11.006886    0.000000    0.000000   11.059804  -1.2032724567E-008
   11.059804    0.000000    0.000000   11.112721  -1.1975079345E-008
   11.112721    0.000000    0.000000   11.165639  -1.1917718507E-008
   11.165639    0.000000    0.000000   11.218557  -1.1864415200E-008
   11.218557    0.000000    0.000000   11.271475  -1.1805444261E-008
   11.271475    0.000000    0.000000   11.324392  -1.1750705298E-008
   11.324392    0.000000    0.000000   11.377310  -1.1695519692E-008
   11.377310    0.000000    0.000000   11.430228  -1.1638297548E-008
   11.430228    0.000000    0.000000   11.483145  -1.1585919502E-008
   11.483145    0.000000    0.000000   11.536063  -1.1534440736E-008
   11.536063    0.000000    0.000000   11.588981  -1.1479658391E-008
   11.588981    0.000000    0.000000   11.641899  -1.1430190378E-008
   11.641899    0.000000    0.000000   11.694816  -1.1379067938E-008
   11.694816    0.000000    0.000000   11.747734  -1.1326318022E-008
   11.747734    0.000000    0.000000   11.800652  -1.1272896699E-008
   11.800652    0.000000    0.000000   11.853570  -1.1221922169E-008
   11.853570    0.000000    0.000000   11.906487  -1.1173834302E-008
   11.906487    0.000000    0.000000   11.959405  -1.1123647947E-008
   11.959405    0.000000    0.000000   12.012323  -1.1076976308E-008
   12.012323    0.000000    0.000000   12.065240  -1.1025417801E-008
   12.065240    0.000000    0.000000   12.118158  -1.0980380688E-008
   12.118158    0.000000    0.000000   12.171076  -1.0930515021E-008
   12.171076    0.000000    0.000000   12.223994  -1.0882313162E-008
   12.223994    0.000000    0.000000   12.276911  -1.0836749720E-008
   12.276911    0.000000    0.000000   12.329829  -1.0788066468E-008
   12.329829    0.000000    0.000000   12.382747  -1.0740799833E-008
   12.382747    0.000000    0.000000   12.435664  -1.0694841207E-008
   12.435664    0.000000    0.000000   12.488582  -1.0652485227E-008
   12.488582    0.000000    0.000000   12.541500  -1.0604138539E-008
   12.541500    0.000000    0.000000   12.594418  -1.0560280123E-008
   12.594418    0.000000    0.000000   12.647335  -1.0516389370E-008
   12.647335    0.000000    0.000000   12.700253  -1.0473834661E-008
   12.700253    0.000000    0.000000   12.753171  -1.0429454106E-008
   12.753171    0.000000    0.000000   12.806089  -1.0384535648E-008
   12.806089    0.000000    0.000000   12.859006  -1.0342294687E-008
   12.859006    0.000000    0.000000   12.911924  -1.0301051845E-008
   12.911924    0.000000    0.000000   12.964842  -1.0257403732E-008
   12.964842    0.000000    0.000000   13.017759  -1.0216400448E-008
   13.017759    0.000000    0.000000   13.070677  -1.0172648252E-008
   13.070677    0.000000    0.000000   13.123595  -1.0132524930E-008
   13.123595    0.000000    0.000000   13.176513  -1.0091912389E-008
   13.176513    0.000000    0.000000   13.229430  -1.0053056054E-008
   13.229430    0.000000    0.000000   13.282348  -1.0013630203E-008
   13.282348    0.000000    0.000000   13.335266  -9.9728918734E-009
   13.335266    0.000000    0.000000   13.388183  -9.9339537152E-009
   13.388183    0.000000    0.000000   13.441101  -9.8919681890E-009
   13.441101    0.000000    0.000000   13.494019  -9.8555597294E-009
   13.494019    0.000000    0.000000   13.546937  -9.8160502504E-009
   13.546937    0.000000    0.000000   13.599854  -9.7785555486E-009
   13.599854    0.000000    0.000000   13.652772  -9.7405067068E-009
   13.652772    0.000000    0.000000   13.705690  -9.7027527401E-009
   13.705690    0.000000    0.000000   13.758607  -9.6652905124E-009
   13.758607    0.000000    0.000000   13.811525  -9.6281162487E-009
   13.811525    0.000000    0.000000   13.864443  -9.5912269793E-009
   13.864443    0.000000    0.000000   13.917361  -9.5546191237E-009
   13.917361    0.000000    0.000000   13.970278  -9.5182898507E-009
   13.970278    0.000000    0.000000   14.023196  -9.4822356911E-009
   14.023196    0.000000    0.000000   14.076114  -9.4464537304E-009
   14.076114    0.000000    0.000000   14.129032  -9.4109407212E-009
   14.129032    0.000000    0.000000   14.181949  -9.3756936936E-009
   14.181949    0.000000    0.000000   14.234867  -9.3407098167E-009
   14.234867    0.000000    0.000000   14.287785  -9.3059859541E-009
   14.287785    0.000000    0.000000   14.340702  -9.2715193301E-009
   14.340702    0.000000    0.000000   14.393620  -9.2373071414E-009
   14.393620    0.000000    0.000000   14.446538  -9.2033464461E-009
   14.446538    0.000000    0.000000   14.499456  -9.1696345517E-009
   14.499456    0.000000    0.000000   14.552373  -9.1361686272E-009
   14.552373    0.000000    0.000000   14.605291  -9.1029463134E-009
   14.605291    0.000000    0.000000   14.658209  -9.0699645294E-009
   14.658209    0.000000    0.000000   14.711126  -9.0372210271E-009
   14.711126    0.000000    0.000000   14.764044  -9.0047130308E-009
   14.764044    0.000000    0.000000   14.816962  -8.9724380703E-009
   14.816962    0.000000    0.000000   14.869880  -8.9403937031E-009
   14.869880    0.000000    0.000000   14.922797  -8.9085772370E-009
   14.922797    0.000000    0.000000   14.975715  -8.8769865625E-009
   14.975715    0.000000    0.000000   15.028633  -8.8456191538E-009
   15.028633    0.000000    0.000000   15.081551  -8.8144726240E-009
   15.081551    0.000000    0.000000   15.134468  -8.7835446694E-009
   15.134468    0.000000    0.000000   15.187386  -8.7528329862E-009
   15.187386    0.000000    0.000000   15.240304  -8.7223352430E-009
   15.240304    0.000000    0.000000   15.293221  -8.6920493303E-009
   15.293221    0.000000    0.000000   15.346139  -8.6619730832E-009
   15.346139    0.000000    0.000000   15.399057  -8.6321042536E-009
   15.399057    0.000000    0.000000   15.451975  -8.6024406210E-009
   15.451975    0.000000    0.000000   15.504892  -8.5729801869E-009
   15.504892    0.000000    0.000000   15.557810  -8.5437208974E-009
   15.557810    0.000000    0.000000   15.610728  -8.5146606155E-009
   15.610728    0.000000    0.000000   15.663645  -8.4857974536E-009
   15.663645    0.000000    0.000000   15.716563  -8.4571291914E-009
   15.716563    0.000000    0.000000   15.769481  -8.4286538860E-009
   15.769481    0.000000    0.000000   15.822399  -8.4003699274E-009
   15.822399    0.000000    0.000000   15.875316  -8.3722749566E-009
   15.875316    0.000000    0.000000   15.928234  -8.3443673637E-009
   15.928234    0.000000    0.000000   15.981152  -8.3166452891E-009
   15.981152    0.000000    0.000000   16.034069  -8.2891066788E-009
   16.034069    0.000000    0.000000   16.086987  -8.2617498953E-009
   16.086987    0.000000    0.000000   16.139905  -8.2345731067E-009
   16.139905    0.000000    0.000000   16.192823  -8.2075745367E-009
   16.192823    0.000000    0.000000   16.245740  -8.1807522978E-009
   16.245740    0.000000    0.000000   16.298658  -8.1541050301E-009
   16.298658    0.000000    0.000000   16.351576  -8.1276305963E-009
   16.351576    0.000000    0.000000   16.404494  -8.1013276088E-009
   16.404494    0.000000    0.000000   16.457411  -8.0751942633E-009
   16.457411    0.000000    0.000000   16.510329  -8.0492290611E-009
   16.510329    0.000000    0.000000   16.563247  -8.0234302258E-009
   16.563247    0.000000    0.000000   16.616164  -7.9977962586E-009
   16.616164    0.000000    0.000000   16.669082  -7.9723255497E-009
   16.669082    0.000000    0.000000   16.722000  -7.9470166003E-009
   16.722000    0.000000    0.000000   16.774918  -7.9218677729E-009
   16.774918    0.000000    0.000000   16.827835  -7.8968776795E-009
   16.827835    0.000000    0.000000   16.880753  -7.8720447383E-009
   16.880753    0.000000    0.000000   16.933671  -7.8473674781E-009
   16.933671    0.000000    0.000000   16.986588  -7.8228444278E-009
   16.986588    0.000000    0.000000   17.039506  -7.7984742136E-009
   17.039506    0.000000    0.000000   17.092424  -7.7742553645E-009
   17.092424    0.000000    0.000000   17.145342  -7.7501864648E-009
   17.145342    0.000000    0.000000   17.198259  -7.7262661130E-009
   17.198259    0.000000    0.000000   17.251177  -7.7024930323E-009
   17.251177    0.000000    0.000000   17.304095  -7.6788657100E-009
   17.304095    0.000000    0.000000   17.357013  -7.6553829803E-009
   17.357013    0.000000    0.000000   17.409930  -7.6320433584E-009
   17.409930    0.000000    0.000000   17.462848  -7.6088456508E-009
   17.462848    0.000000    0.000000   17.515766  -7.5857885251E-009
   17.515766    0.000000    0.000000   17.568683  -7.5628707880E-009
   17.568683    0.000000    0.000000   17.621601  -7.5400910376E-009
   17.621601    0.000000    0.000000   17.674519  -7.5174481223E-009
   17.674519    0.000000    0.000000   17.727437  -7.4949408069E-009
   17.727437    0.000000    0.000000   17.780354  -7.4725678284E-009
   17.780354    0.000000    0.000000   17.833272  -7.4503280767E-009
   17.833272    0.000000    0.000000   17.886190  -7.4282202056E-009
   17.886190    0.000000    0.000000   17.939107  -7.4062432576E-009
   17.939107    0.000000    0.000000   17.992025  -7.3843959558E-009
   17.992025    0.000000    0.000000   18.044943  -7.3626771346E-009
   18.044943    0.000000    0.000000   18.097861  -7.3410857115E-009
   18.097861    0.000000    0.000000   18.150778  -7.3196205208E-009
   18.150778    0.000000    0.000000   18.203696  -7.2982805632E-009
   18.203696    0.000000    0.000000   18.256614  -7.2770646314E-009
   18.256614    0.000000    0.000000   18.309531  -7.2559716430E-009
   18.309531    0.000000    0.000000   18.362449  -7.2350006680E-009
   18.362449    0.000000    0.000000   18.415367  -7.2141505131E-009
   18.415367    0.000000    0.000000   18.468285  -7.1934202067E-009
   18.468285    0.000000    0.000000   18.521202  -7.1728086526E-009
   18.521202    0.000000    0.000000   18.574120  -7.1523149486E-009
   18.574120    0.000000    0.000000   18.627038  -7.1319379569E-009
   18.627038    0.000000    0.000000   18.679956  -7.1116767614E-009
   18.679956    0.000000    0.000000   18.732873  -7.0915303907E-009
   18.732873    0.000000    0.000000   18.785791  -7.0714978040E-009
   18.785791    0.000000    0.000000   18.838709  -7.0515780715E-009
   18.838709    0.000000    0.000000   18.891626  -7.0317702633E-009
   18.891626    0.000000    0.000000   18.944544  -7.0120734497E-009
   18.944544    0.000000    0.000000   18.997462  -6.9924865898E-009
   18.997462    0.000000    0.000000   19.050380  -6.9730089897E-009
   19.050380    0.000000    0.000000   19.103297  -6.9536395253E-009
   19.103297    0.000000    0.000000   19.156215  -6.9343773501E-009
   19.156215    0.000000    0.000000   19.209133  -6.9152215759E-009
   19.209133    0.000000    0.000000   19.262050  -6.8961713701E-009
   19.262050    0.000000    0.000000   19.314968  -6.8772259137E-009
   19.314968    0.000000    0.000000   19.367886  -6.8583841939E-009
   19.367886    0.000000    0.000000   19.420804  -6.8396453778E-009
   19.420804    0.000000    0.000000   19.473721  -6.8210087578E-009
   19.473721    0.000000    0.000000   19.526639  -6.8024734179E-009
   19.526639    0.000000    0.000000   19.579557  -6.7840385254E-009
   19.579557    0.000000    0.000000   19.632475  -6.7657033309E-009
   19.632475    0.000000    0.000000   19.685392  -6.7474669185E-009
   19.685392    0.000000    0.000000   19.738310  -6.7293285666E-009
   19.738310    0.000000    0.000000   19.791228  -6.7112874563E-009
   19.791228    0.000000    0.000000   19.844145  -6.6933428661E-009
   19.844145    0.000000    0.000000   19.897063  -6.6754938938E-009
   19.897063    0.000000    0.000000   19.949981  -6.6577399149E-009
   19.949981    0.000000    0.000000   20.002899  -6.6400801385E-009
   20.002899    0.000000    0.000000   20.055816  -6.6225137735E-009
   20.055816    0.000000    0.000000   20.108734  -6.6050401537E-009
   20.108734    0.000000    0.000000   20.161652  -6.5876584604E-009
   20.161652    0.000000    0.000000   20.214569  -6.5703680413E-009
   20.214569    0.000000    0.000000   20.267487  -6.5531681331E-009
   20.267487    0.000000    0.000000   20.320405  -6.5360580420E-009
   20.320405    0.000000    0.000000   20.373323  -6.5190370602E-009
   20.373323    0.000000    0.000000   20.426240  -6.5021044660E-009
   20.426240    0.000000    0.000000   20.479158  -6.4852596765E-009
   20.479158    0.000000    0.000000   20.532076  -6.4685018591E-009
   20.532076    0.000000    0.000000   20.584994  -6.4518304310E-009
   20.584994    0.000000    0.000000   20.637911  -6.4352447815E-009
   20.637911    0.000000    0.000000   20.690829  -6.4187442028E-009
   20.690829    0.000000    0.000000   20.743747  -6.4023279317E-009
   20.743747    0.000000    0.000000   20.796664  -6.3859954824E-009
   20.796664    0.000000    0.000000   20.849582  -6.3697461195E-009
   20.849582    0.000000    0.000000   20.902500  -6.3535792461E-009
   20.902500    0.000000    0.000000   20.955418  -6.3374942516E-009
   20.955418    0.000000    0.000000   21.008335  -6.3214904700E-009
   21.008335    0.000000    0.000000   21.061253  -6.3055673183E-009
   21.061253    0.000000    0.000000   21.114171  -6.2897241582E-009
   21.114171    0.000000    0.000000   21.167088  -6.2739604761E-009
   21.167088    0.000000    0.000000   21.220006  -6.2582755644E-009
   21.220006    0.000000    0.000000   21.272924  -6.2426688957E-009
   21.272924    0.000000    0.000000   21.325842  -6.2271398732E-009
   21.325842    0.000000    0.000000   21.378759  -6.2116878863E-009
   21.378759    0.000000    0.000000   21.431677  -6.1963124354E-009
   21.431677    0.000000    0.000000   21.484595  -6.1810128682E-009
   21.484595    0.000000    0.000000   21.537512  -6.1657887268E-009
   21.537512    0.000000    0.000000   21.590430  -6.1506393589E-009
   21.590430    0.000000    0.000000   21.643348  -6.1355643483E-009
   21.643348    0.000000    0.000000   21.696266  -6.1205629176E-009
   21.696266    0.000000    0.000000   21.749183  -6.1056347478E-009
   21.749183    0.000000    0.000000   21.802101  -6.0907791588E-009
   21.802101    0.000000    0.000000   21.855019  -6.0759956788E-009
   21.855019    0.000000    0.000000   21.907937  -6.0612838221E-009
   21.907937    0.000000    0.000000   21.960854  -6.0466430474E-009
   21.960854    0.000000    0.000000   22.013772  -6.0320728273E-009
   22.013772    0.000000    0.000000   22.066690  -6.0175726485E-009
   22.066690    0.000000    0.000000   22.119607  -6.0031420251E-009
   22.119607    0.000000    0.000000   22.172525  -5.9887804438E-009
   22.172525    0.000000    0.000000   22.225443  -5.9744874048E-009
   22.225443    0.000000    0.000000   22.278361  -5.9602624364E-009
   22.278361    0.000000    0.000000   22.331278  -5.9461050528E-009
   22.331278    0.000000    0.000000   22.384196  -5.9320147405E-009
   22.384196    0.000000    0.000000   22.437114  -5.9179910833E-009
   22.437114    0.000000    0.000000   22.490031  -5.9040335260E-009
   22.490031    0.000000    0.000000   22.542949  -5.8901416800E-009
   22.542949    0.000000    0.000000   22.595867  -5.8763150595E-009
   22.595867    0.000000    0.000000   22.648785  -5.8625531929E-009
   22.648785    0.000000    0.000000   22.701702  -5.8488556498E-009
   22.701702    0.000000    0.000000   22.754620  -5.8352219723E-009
   22.754620    0.000000    0.000000   22.807538  -5.8216516885E-009
   22.807538    0.000000    0.000000   22.860456  -5.8081443405E-009
   22.860456    0.000000    0.000000   22.913373  -5.7946995535E-009
   22.913373    0.000000    0.000000   22.966291  -5.7813168974E-009
   22.966291    0.000000    0.000000   23.019209  -5.7679958726E-009
   23.019209    0.000000    0.000000   23.072126  -5.7547361321E-009
   23.072126    0.000000    0.000000   23.125044  -5.7415372456E-009
   23.125044    0.000000    0.000000   23.177962  -5.7283986721E-009
   23.177962    0.000000    0.000000   23.230880  -5.7153201477E-009
   23.230880    0.000000    0.000000   23.283797  -5.7023011868E-009
   23.283797    0.000000    0.000000   23.336715  -5.6893414146E-009
   23.336715    0.000000    0.000000   23.389633  -5.6764404011E-009
   23.389633    0.000000    0.000000   23.442550  -5.6635977852E-009
   23.442550    0.000000    0.000000   23.495468  -5.6508131369E-009
   23.495468    0.000000    0.000000   23.548386  -5.6380860813E-009
   23.548386    0.000000    0.000000   23.601304  -5.6254162301E-009
   23.601304    0.000000    0.000000   23.654221  -5.6128031806E-009
   23.654221    0.000000    0.000000   23.707139  -5.6002465859E-009
   23.707139    0.000000    0.000000   23.760057  -5.5877460298E-009
   23.760057    0.000000    0.000000   23.812974  -5.5753011652E-009
   23.812974    0.000000    0.000000   23.865892  -5.5629115897E-009
   23.865892    0.000000    0.000000   23.918810  -5.5505769841E-009
   23.918810    0.000000    0.000000   23.971728  -5.5382969738E-009
   23.971728    0.000000    0.000000   24.024645  -5.5260711007E-009
   24.024645    0.000000    0.000000   24.077563  -5.5138991983E-009
   24.077563    0.000000    0.000000   24.130481  -5.5017807116E-009
   24.130481    0.000000    0.000000   24.183399  -5.4897154184E-009
   24.183399    0.000000    0.000000   24.236316  -5.4777029024E-009
   24.236316    0.000000    0.000000   24.289234  -5.4657428306E-009
   24.289234    0.000000    0.000000   24.342152  -5.4538348976E-009
   24.342152    0.000000    0.000000   24.395069  -5.4419787426E-009
   24.395069    0.000000    0.000000   24.447987  -5.4301740465E-009
   24.447987    0.000000    0.000000   24.500905  -5.4184203652E-009
   24.500905    0.000000    0.000000   24.553823  -5.4067175459E-009
   24.553823    0.000000    0.000000   24.606740  -5.3950651308E-009
   24.606740    0.000000    0.000000   24.659658  -5.3834628422E-009
   24.659658    0.000000    0.000000   24.712576  -5.3719103610E-009
   24.712576    0.000000    0.000000   24.765493  -5.3604073402E-009
   24.765493    0.000000    0.000000   24.818411  -5.3489534746E-009
   24.818411    0.000000    0.000000   24.871329  -5.3375484727E-009
   24.871329    0.000000    0.000000   24.924247  -5.3261919458E-009
   24.924247    0.000000    0.000000   24.977164  -5.3148837137E-009
   24.977164    0.000000    0.000000   25.030082  -5.3036233322E-009
   25.030082    0.000000    0.000000   25.083000  -5.2924106486E-009
   25.083000    0.000000    0.000000   25.135918  -5.2812451634E-009
   25.135918    0.000000    0.000000   25.188835  -5.2701267933E-009
   25.188835    0.000000    0.000000   25.241753  -5.2590551358E-009
   25.241753    0.000000    0.000000   25.294671  -5.2480297746E-009
   25.294671    0.000000    0.000000   25.347588  -5.2370506820E-009
   25.347588    0.000000    0.000000   25.400506  -5.2261173999E-009
   25.400506    0.000000    0.000000   25.453424  -5.2152296648E-009
   25.453424    0.000000    0.000000   25.506342  -5.2043871573E-009
   25.506342    0.000000    0.000000   25.559259  -5.1935896556E-009
   25.559259    0.000000    0.000000   25.612177  -5.1828369096E-009
   25.612177    0.000000    0.000000   25.665095  -5.1721285727E-009
   25.665095    0.000000    0.000000   25.718012  -5.1614643948E-009
   25.718012    0.000000    0.000000   25.770930  -5.1508440846E-009
   25.770930    0.000000    0.000000   25.823848  -5.1402673923E-009
   25.823848    0.000000    0.000000   25.876766  -5.1297340542E-009
   25.876766    0.000000    0.000000   25.929683  -5.1192438205E-009
   25.929683    0.000000    0.000000   25.982601  -5.1087963859E-009
   25.982601    0.000000    0.000000   26.035519  -5.0983915006E-009
   26.035519    0.000000    0.000000   26.088436  -5.0880289149E-009
   26.088436    0.000000    0.000000   26.141354  -5.0777083649E-009
   26.141354    0.000000    0.000000   26.194272  -5.0674296703E-009
   26.194272    0.000000    0.000000   26.247190  -5.0571923593E-009
   26.247190    0.000000    0.000000   26.300107  -5.0469963903E-009
   26.300107    0.000000    0.000000   26.353025  -5.0368415133E-009
   26.353025    0.000000    0.000000   26.405943  -5.0267273677E-009
   26.405943    0.000000    0.000000   26.458861  -5.0166537313E-009
