O-E+
#
50
1 0
0.00100000 -4.85261216e-04
0.0 0.0 0.0 
2 0
0.00200000 2.44417831e-03
0.0 0.0 0.0 
3 0
0.00400000 -7.54488737e-03
0.0 0.0 0.0 
4 0
0.00800000 1.57738437e-02
0.0 0.0 0.0 
5 0
0.01600000 -3.71036225e-02
0.0 0.0 0.0 
6 0
0.03200000 5.38567205e-02
0.0 0.0 0.0 
7 0
0.06400000 -1.97756262e-01
0.0 0.0 0.0 
8 0
0.12800000 1.52115096e-01
0.0 0.0 0.0 
9 0
0.25600000 -2.23099311e+00
0.0 0.0 0.0 
10 0
0.51200000 7.15444061e+00
0.0 0.0 0.0 
11 0
1.00000000 -1.64610761e+01
0.0 0.0 0.0 
12 0
2.00000000 1.20067450e+02
0.0 0.0 0.0 
13 0
3.00000000 -1.01044414e+03
0.0 0.0 0.0 
14 0
4.00000000 5.91251755e+03
0.0 0.0 0.0 
15 0
5.00000000 -2.28836471e+04
0.0 0.0 0.0 
16 0
6.00000000 5.83202479e+04
0.0 0.0 0.0 
17 0
7.00000000 -9.67337399e+04
0.0 0.0 0.0 
18 0
8.00000000 1.00515593e+05
0.0 0.0 0.0 
19 0
9.00000000 -5.94929273e+04
0.0 0.0 0.0 
20 0
10.00000000 1.53375181e+04
0.0 0.0 0.0 
21 0
20.00000000 -1.08319453e+02
0.0 0.0 0.0 
22 0
30.00000000 5.87242217e+01
0.0 0.0 0.0 
23 0
40.00000000 -3.39818623e+01
0.0 0.0 0.0 
24 0
50.00000000 1.01503518e+01
0.0 0.0 0.0 
25 0
100.00000000 -2.03970181e-01
0.0 0.0 0.0 
26 0
0.00100000 -4.85261216e-04
0.0 0.0 4.6366 
27 0
0.00200000 2.44417831e-03
0.0 0.0 4.6366 
28 0
0.00400000 -7.54488737e-03
0.0 0.0 4.6366 
29 0
0.00800000 1.57738437e-02
0.0 0.0 4.6366 
30 0
0.01600000 -3.71036225e-02
0.0 0.0 4.6366 
31 0
0.03200000 5.38567205e-02
0.0 0.0 4.6366 
32 0
0.06400000 -1.97756262e-01
0.0 0.0 4.6366 
33 0
0.12800000 1.52115096e-01
0.0 0.0 4.6366 
34 0
0.25600000 -2.23099311e+00
0.0 0.0 4.6366 
35 0
0.51200000 7.15444061e+00
0.0 0.0 4.6366 
36 0
1.00000000 -1.64610761e+01
0.0 0.0 4.6366 
37 0
2.00000000 1.20067450e+02
0.0 0.0 4.6366 
38 0
3.00000000 -1.01044414e+03
0.0 0.0 4.6366 
39 0
4.00000000 5.91251755e+03
0.0 0.0 4.6366 
40 0
5.00000000 -2.28836471e+04
0.0 0.0 4.6366 
41 0
6.00000000 5.83202479e+04
0.0 0.0 4.6366 
42 0
7.00000000 -9.67337399e+04
0.0 0.0 4.6366 
43 0
8.00000000 1.00515593e+05
0.0 0.0 4.6366 
44 0
9.00000000 -5.94929273e+04
0.0 0.0 4.6366 
45 0
10.00000000 1.53375181e+04
0.0 0.0 4.6366 
46 0
20.00000000 -1.08319453e+02
0.0 0.0 4.6366 
47 0
30.00000000 5.87242217e+01
0.0 0.0 4.6366 
48 0
40.00000000 -3.39818623e+01
0.0 0.0 4.6366 
49 0
50.00000000 1.01503518e+01
0.0 0.0 4.6366 
50 0
100.00000000 -2.03970181e-01
0.0 0.0 4.6366 
