2.0 -0.116604431579
2.2 -0.111612932916
2.4 -0.106774990011
2.6 -0.102115871227
2.8 -0.097705786267
3.0 -0.093567581986
3.2 -0.089670645227
3.4 -0.085973828658
3.6 -0.082457052412
3.8 -0.079123802765
4.0 -0.075988931422
4.2 -0.073062526489
4.4 -0.070349951717
4.6 -0.067848324221
4.8 -0.065549827877
5.0 -0.063444135847
5.2 -0.061520007461
5.4 -0.059766088790
5.6 -0.058171210485
5.8 -0.056724447214
6.0 -0.055415103931
6.2 -0.054232711432
6.4 -0.053167059059
6.6 -0.052208260342
6.8 -0.051346833094
7.0 -0.050573774728
7.2 -0.049880620153
7.4 -0.049259477703
7.6 -0.048703044449
7.8 -0.048204605090
8.0 -0.047758019007
8.2 -0.047357699319
8.4 -0.046998586669
8.6 -0.046676585409
8.8 -0.046386647692
9.0 -0.046125595999
9.2 -0.045890169163
9.4 -0.045677472578
9.6 -0.045484945757
9.8 -0.045310330970
10.0 -0.045151643276
10.2 -0.045007142170
10.4 -0.044875304979
10.6 -0.044754802116
10.8 -0.044644474220
11.0 -0.044543311193
11.2 -0.044450433106
11.4 -0.044365072928
11.6 -0.044286561007
11.8 -0.044214311232
12.0 -0.044147808764
12.2 -0.044086599264
12.4 -0.044030279477
12.6 -0.043978489101
12.8 -0.043930903799
13.0 -0.043887229268
13.2 -0.043847196246
13.4 -0.043810556356
13.6 -0.043777078699
13.8 -0.043746547076
14.0 -0.043718757789
14.2 -0.043693536811
14.4 -0.043670661853
14.6 -0.043649977834
14.8 -0.043631317409
15.0 -0.043614520452
15.2 -0.043599433728
15.4 -0.043585910696
15.6 -0.043573811406
15.8 -0.043563002468
16.0 -0.043553357056
16.2 -0.043544754938
16.4 -0.043537082514
16.6 -0.043530232844
16.8 -0.043524105660
17.0 -0.043518607357
17.2 -0.043513650956
17.4 -0.043509156038
17.6 -0.043505048644
17.8 -0.043501261150
18.0 -0.043497732106
18.2 -0.043494406053
18.4 -0.043491233309
18.6 -0.043488169741
18.8 -0.043485176510
19.0 -0.043482219807
19.2 -0.043479270569
19.4 -0.043476304196
19.6 -0.043473300256
19.8 -0.043470242186
20.0 -0.043467116995
20.2 -0.043463914974
20.4 -0.043460629400
20.6 -0.043457256258
20.8 -0.043453793961
21.0 -0.043450243089
21.2 -0.043446606133
21.4 -0.043442887253
21.6 -0.043439092046
21.8 -0.043435227334
22.0 -0.043431300957
22.2 -0.043427321584
22.4 -0.043423298543
22.6 -0.043419241650
22.8 -0.043415161069
23.0 -0.043411067174
23.2 -0.043406970425
23.4 -0.043402881261
23.6 -0.043398810003
23.8 -0.043394766763
24.0 -0.043390761374
24.2 -0.043386803319
24.4 -0.043382901682
24.6 -0.043379065093
24.8 -0.043375301696
25.0 -0.043371619115
25.2 -0.043368024431
25.4 -0.043364524165
25.6 -0.043361124268
25.8 -0.043357830110
26.0 -0.043354646488
26.2 -0.043351577619
26.4 -0.043348627157
26.6 -0.043345798195
26.8 -0.043343093284
27.0 -0.043340514449
27.2 -0.043338063203
27.4 -0.043335740572
27.6 -0.043333547113
27.8 -0.043331482939
28.0 -0.043329547741
28.2 -0.043327740815
28.4 -0.043326061083
28.6 -0.043324507120
28.8 -0.043323077181
29.0 -0.043321769221
29.2 -0.043320580926
29.4 -0.043319509732
29.6 -0.043318552849
29.8 -0.043317707289
30.0 -0.043316969885
30.2 -0.043316337310
30.4 -0.043315806104
30.6 -0.043315372691
30.8 -0.043315033397
31.0 -0.043314784469
31.2 -0.043314622096
31.4 -0.043314542419
31.6 -0.043314541552
31.8 -0.043314615593
32.0 -0.043314760639
32.2 -0.043314972799
32.4 -0.043315248205
32.6 -0.043315583021
32.8 -0.043315973459
33.0 -0.043316415780
33.2 -0.043316906309
33.4 -0.043317441438
33.6 -0.043318017635
33.8 -0.043318631452
34.0 -0.043319279523
34.2 -0.043319958577
34.4 -0.043320665439
34.6 -0.043321397030
34.8 -0.043322150375
35.0 -0.043322922603
35.2 -0.043323710947
35.4 -0.043324512749
35.6 -0.043325325460
35.8 -0.043326146637
36.0 -0.043326973949
36.2 -0.043327805170
36.4 -0.043328638186
36.6 -0.043329470987
36.8 -0.043330301670
37.0 -0.043331128439
37.2 -0.043331949598
37.4 -0.043332763555
37.6 -0.043333568816
37.8 -0.043334363984
38.0 -0.043335147759
38.2 -0.043335918932
38.4 -0.043336676386
38.6 -0.043337419091
38.8 -0.043338146100
39.0 -0.043338856552
39.2 -0.043339549663
39.4 -0.043340224728
39.6 -0.043340881113
39.8 -0.043341518257
40.0 -0.043342135668
40.2 -0.043342732919
40.4 -0.043343309645
40.6 -0.043343865541
40.8 -0.043344400360
41.0 -0.043344913908
41.2 -0.043345406045
41.4 -0.043345876677
41.6 -0.043346325758
41.8 -0.043346753287
42.0 -0.043347159301
42.2 -0.043347543880
42.4 -0.043347907138
42.6 -0.043348249223
42.8 -0.043348570316
43.0 -0.043348870627
43.2 -0.043349150395
43.4 -0.043349409883
43.6 -0.043349649378
43.8 -0.043349869189
44.0 -0.043350069646
44.2 -0.043350251094
44.4 -0.043350413897
44.6 -0.043350558434
44.8 -0.043350685095
45.0 -0.043350794284
45.2 -0.043350886415
45.4 -0.043350961909
45.6 -0.043351021196
45.8 -0.043351064713
46.0 -0.043351092903
46.2 -0.043351106209
46.4 -0.043351105083
46.6 -0.043351089974
46.8 -0.043351061336
47.0 -0.043351019620
47.2 -0.043350965280
47.4 -0.043350898765
47.6 -0.043350820526
47.8 -0.043350731008
48.0 -0.043350630654
48.2 -0.043350519904
48.4 -0.043350399191
48.6 -0.043350268946
48.8 -0.043350129593
49.0 -0.043349981551
49.2 -0.043349825232
49.4 -0.043349661041
49.6 -0.043349489378
49.8 -0.043349310634
50.0 -0.043349125194
50.2 -0.043348933434
50.4 -0.043348735723
50.6 -0.043348532422
50.8 -0.043348323883
51.0 -0.043348110450
51.2 -0.043347892461
51.4 -0.043347670241
51.6 -0.043347444110
51.8 -0.043347214377
52.0 -0.043346981346
52.2 -0.043346745307
52.4 -0.043346506546
52.6 -0.043346265339
52.8 -0.043346021952
53.0 -0.043345776644
53.2 -0.043345529665
53.4 -0.043345281256
53.6 -0.043345031651
53.8 -0.043344781075
54.0 -0.043344529744
54.2 -0.043344277868
54.4 -0.043344025648
54.6 -0.043343773275
54.8 -0.043343520936
55.0 -0.043343268808
55.2 -0.043343017061
55.4 -0.043342765859
55.6 -0.043342515358
55.8 -0.043342265705
56.0 -0.043342017043
56.2 -0.043341769507
56.4 -0.043341523225
56.6 -0.043341278321
56.8 -0.043341034909
57.0 -0.043340793100
57.2 -0.043340552997
57.4 -0.043340314698
57.6 -0.043340078296
57.8 -0.043339843878
58.0 -0.043339611525
58.2 -0.043339381314
58.4 -0.043339153317
58.6 -0.043338927599 
