2.0 -0.156368663725
2.2 -0.153622441316
2.4 -0.150750607290
2.6 -0.147751195847
2.8 -0.144612993808
3.0 -0.141328982497
3.2 -0.137901459195
3.4 -0.134339964174
3.6 -0.130657613357
3.8 -0.126869411795
4.0 -0.122992841484
4.2 -0.119049341168
4.4 -0.115065186129
4.6 -0.111070976268
4.8 -0.107099850230
5.0 -0.103185157815
5.2 -0.099358364807
5.4 -0.095647578254
5.6 -0.092076664814
5.8 -0.088664763762
6.0 -0.085426053843
6.2 -0.082369749910
6.4 -0.079500355845
6.6 -0.076818171244
6.8 -0.074319991420
7.0 -0.071999901478
7.2 -0.069850062178
7.4 -0.067861409751
7.6 -0.066024226802
7.8 -0.064328573558
8.0 -0.062764591124
8.2 -0.061322700256
8.4 -0.059993722365
8.6 -0.058768947074
8.8 -0.057640165602
9.0 -0.056599683453
9.2 -0.055640320911
9.4 -0.054755406041
9.6 -0.053938762561
9.8 -0.053184693677
10.0 -0.052487962503
10.2 -0.051843769573
10.4 -0.051247728079
10.6 -0.050695837658
10.8 -0.050184456877
11.0 -0.049710275721
11.2 -0.049270288602
11.4 -0.048861768017
11.6 -0.048482239363
11.8 -0.048129457129
12.0 -0.047801382645
12.2 -0.047496163446
12.4 -0.047212114304
12.6 -0.046947699891
12.8 -0.046701519053
13.0 -0.046472290596
13.2 -0.046258840536
13.4 -0.046060090675
13.6 -0.045875048443
13.8 -0.045702797863
14.0 -0.045542491561
14.2 -0.045393343705
14.4 -0.045254623789
14.6 -0.045125651160
14.8 -0.045005790215
15.0 -0.044894446192
15.2 -0.044791061484
15.4 -0.044695112419
15.6 -0.044606106451
15.8 -0.044523579717
16.0 -0.044447094905
16.2 -0.044376239407
16.4 -0.044310623714
16.6 -0.044249880019
16.8 -0.044193661005
17.0 -0.044141638778
17.2 -0.044093503941
17.4 -0.044048967758
17.6 -0.044007749330
17.8 -0.043969593202
18.0 -0.043934256446
18.2 -0.043901511191
18.4 -0.043871144061
18.6 -0.043842955651
18.8 -0.043816760002
19.0 -0.043792384089
19.2 -0.043769667307
19.4 -0.043748460960
19.6 -0.043728627746
19.8 -0.043710041237
20.0 -0.043692585360
20.2 -0.043676153876
20.4 -0.043660649850
20.6 -0.043645985138
20.8 -0.043632079860
21.0 -0.043618861893
21.2 -0.043606266360
21.4 -0.043594235132
21.6 -0.043582716349
21.8 -0.043571663939
22.0 -0.043561037170
22.2 -0.043550800203
22.4 -0.043540921669
22.6 -0.043531374271
22.8 -0.043522134395
23.0 -0.043513181745
23.2 -0.043504499005
23.4 -0.043496071514
23.6 -0.043487886963
23.8 -0.043479935115
24.0 -0.043472207548
24.2 -0.043464697411
24.4 -0.043457399205
24.6 -0.043450308579
24.8 -0.043443422149
25.0 -0.043436737327
25.2 -0.043430252175
25.4 -0.043423965267
25.6 -0.043417875566
25.8 -0.043411982326
26.0 -0.043406284986
26.2 -0.043400783101
26.4 -0.043395476258
26.6 -0.043390364024
26.8 -0.043385445892
27.0 -0.043380721237
27.2 -0.043376189278
27.4 -0.043371849055
27.6 -0.043367699404
27.8 -0.043363738940
28.0 -0.043359966047
28.2 -0.043356378869
28.4 -0.043352975309
28.6 -0.043349753027
28.8 -0.043346709448
29.0 -0.043343841763
29.2 -0.043341146939
29.4 -0.043338621729
29.6 -0.043336262683
29.8 -0.043334066163
30.0 -0.043332028354
30.2 -0.043330145277
30.4 -0.043328412809
30.6 -0.043326826695
30.8 -0.043325382561
31.0 -0.043324075935
31.2 -0.043322902259
31.4 -0.043321856902
31.6 -0.043320935181
31.8 -0.043320132367
32.0 -0.043319443708
32.2 -0.043318864435
32.4 -0.043318389778
32.6 -0.043318014979
32.8 -0.043317735301
33.0 -0.043317546040
33.2 -0.043317442538
33.4 -0.043317420187
33.6 -0.043317474442
33.8 -0.043317600829
34.0 -0.043317794951
34.2 -0.043318052496
34.4 -0.043318369241
34.6 -0.043318741062
34.8 -0.043319163934
35.0 -0.043319633939
35.2 -0.043320147268
35.4 -0.043320700224
35.6 -0.043321289228
35.8 -0.043321910816
36.0 -0.043322561645
36.2 -0.043323238492
36.4 -0.043323938256
36.6 -0.043324657957
36.8 -0.043325394740
37.0 -0.043326145869
37.2 -0.043326908732
37.4 -0.043327680834
37.6 -0.043328459803
37.8 -0.043329243384
38.0 -0.043330029436
38.2 -0.043330815936
38.4 -0.043331600971
38.6 -0.043332382739
38.8 -0.043333159545
39.0 -0.043333929801
39.2 -0.043334692020
39.4 -0.043335444817
39.6 -0.043336186901
39.8 -0.043336917079
40.0 -0.043337634247
40.2 -0.043338337390
40.4 -0.043339025578
40.6 -0.043339697964
40.8 -0.043340353780
41.0 -0.043340992334
41.2 -0.043341613007
41.4 -0.043342215252
41.6 -0.043342804513
41.8 -0.043343391586
42.0 -0.043343956818
42.2 -0.043344500009
42.4 -0.043345021015
42.6 -0.043345519738
42.8 -0.043345996132
43.0 -0.043346450191
43.2 -0.043346881956
43.4 -0.043347291505
43.6 -0.043347678956
43.8 -0.043348044459
44.0 -0.043348388200
44.2 -0.043348710396
44.4 -0.043349011289
44.6 -0.043349291151
44.8 -0.043349550278
45.0 -0.043349788988
45.2 -0.043350007619
45.4 -0.043350206529
45.6 -0.043350386092
45.8 -0.043350546699
46.0 -0.043350688754
46.2 -0.043350812674
46.4 -0.043350918885
46.6 -0.043351007823
46.8 -0.043351079934
47.0 -0.043351135670
47.2 -0.043351175486
47.4 -0.043351199845
47.6 -0.043351209211
47.8 -0.043351204052
48.0 -0.043351184835
48.2 -0.043351152031
48.4 -0.043351106107
48.6 -0.043351047530
48.8 -0.043350976766
49.0 -0.043350894276
49.2 -0.043350800521
49.4 -0.043350695955
49.6 -0.043350581028
49.8 -0.043350456186
50.0 -0.043350323784
50.2 -0.043350187928
50.4 -0.043350043259
50.6 -0.043349890181
50.8 -0.043349729092
51.0 -0.043349560383
51.2 -0.043349384441
51.4 -0.043349201644
51.6 -0.043349012363
51.8 -0.043348816965
52.0 -0.043348615807
52.2 -0.043348409239
52.4 -0.043348197604
52.6 -0.043347981236
52.8 -0.043347760463
53.0 -0.043347535603
53.2 -0.043347306968
53.4 -0.043347074860
53.6 -0.043346839573
53.8 -0.043346601395
54.0 -0.043346360603
54.2 -0.043346117467
54.4 -0.043345872250
54.6 -0.043345625203
54.8 -0.043345376574
55.0 -0.043345126600
55.2 -0.043344875509
55.4 -0.043344623523
55.6 -0.043344370857
55.8 -0.043344117714
56.0 -0.043343864295
56.2 -0.043343610788
56.4 -0.043343357377
56.6 -0.043343104238
56.8 -0.043342851538
57.0 -0.043342599440
57.2 -0.043342348097
57.4 -0.043342097657
57.6 -0.043341848260
57.8 -0.043341600041
58.0 -0.043341353127
58.2 -0.043341107638
58.4 -0.043340863692
58.6 -0.043340621395
58.8 -0.043340380852
59.0 -0.043340142161
59.2 -0.043339905412
59.4 -0.043339670693
59.6 -0.043339438085
59.8 -0.043339207664
60.0 -0.043338979501
