0.04 -8.095408024488826e-05
0.08 -0.00032381539398669557
0.12 -0.0007285846876517696
0.16 -0.0012952616467587367
0.2 -0.002023846198614953
0.24 -0.002914338032155824
0.28 -0.003966736341080502
0.32 -0.005181039301450458
0.36 -0.006557243235504875
0.4 -0.00809534133233789
0.44 -0.009795321794533959
0.48 -0.01165716525929307
0.52 -0.01368084132563825
0.56 -0.01586630400111193
0.6 -0.018213485863848244
0.64 -0.02072229071902341
0.68 -0.023392584511943204
0.72 -0.026224184243394556
0.76 -0.029216844617743622
0.8 -0.03237024213965098
0.84 -0.03568395636237715
0.88 -0.03915744797968196
0.92 -0.042790033444752615
0.96 -0.04658085579451303
1.0 -0.05052885135677321
1.04 -0.054632712021974394
1.08 -0.0588908427722989
1.12 -0.06330131418009047
1.16 -0.06786180961646796
1.2 -0.07256956695190533
1.24 -0.07742131458564078
1.28 -0.08241320171237586
1.32 -0.08754072282583776
1.36 -0.09279863657204533
1.4000000000000001 -0.09818087920378946
1.44 -0.10368047305481165
1.48 -0.10928943065048623
1.52 -0.11499865530413804
1.56 -0.12079783931663365
1.6 -0.12667536120299636
1.6400000000000001 -0.13261818371378706
1.68 -0.13861175479965163
1.72 -0.14463991408149532
1.76 -0.15068480783047283
1.8 -0.15672681592246923
1.84 -0.16274449469841804
1.8800000000000001 -0.16871454011769846
1.92 -0.1746117760152069
1.96 -0.1804091726363757
2.0 -0.18607790089576748
2.04 -0.19158742794577122
2.08 -0.19690565960921635
2.12 -0.2019991349762468
2.16 -0.2068332779421029
2.2 -0.2113727096192622
2.24 -0.21558162434896896
2.2800000000000002 -0.21942423042577358
2.32 -0.22286525460972786
2.36 -0.22587050702916192
2.4 -0.22840750019329437
2.44 -0.23044611259194037
2.48 -0.23195928385198247
2.52 -0.23292372478378226
2.56 -0.23332062206862922
2.6 -0.2331363140395796
2.64 -0.2323629112615678
2.68 -0.2309988337200742
2.72 -0.2290492356893468
2.7600000000000002 -0.22652629006598582
2.8000000000000003 -0.22344930637230517
2.84 -0.21984466092790414
2.88 -0.21574552391356977
2.92 -0.21119137611583547
2.96 -0.20622731777438305
3.0 -0.2009031827002135
3.04 -0.19527248204887762
3.08 -0.18939121302394302
3.12 -0.18331657745411467
3.16 -0.17710566271291425
3.2 -0.1708141419866226
3.24 -0.1644950517791212
3.2800000000000002 -0.158197701389496
3.3200000000000003 -0.15196676189376984
3.36 -0.1458415713019927
3.4 -0.1398556788509721
3.44 -0.13403663598457186
3.48 -0.12840602585404468
3.52 -0.12297970860002914
3.56 -0.11776824760654853
3.6 -0.11277747341076903
3.64 -0.10800913764803384
3.68 -0.10346160943919182
3.72 -0.09913057060414909
3.7600000000000002 -0.095009673193263
3.8000000000000003 -0.09109113195277312
3.84 -0.08736623425268475
3.88 -0.08382575954563863
3.92 -0.08046030865900088
3.96 -0.07726054954170554
4.0 -0.07421739024391065
4.04 -0.07132209198074528
4.08 -0.06856633544780169
4.12 -0.06594225258307684
4.16 -0.06344243421055094
4.2 -0.06105992190712284
4.24 -0.05878819035625569
4.28 -0.056621124614213494
4.32 -0.05455299522875218
4.36 -0.052578433036302476
4.4 -0.05069240468480373
4.44 -0.048890189419876155
4.48 -0.047167357360544615
4.5200000000000005 -0.045519749313703645
4.5600000000000005 -0.04394345808431004
4.6000000000000005 -0.042434811195889495
4.64 -0.04099035492069864
4.68 -0.039606839517276844
4.72 -0.0382812055776769
4.76 -0.037010571393553605
4.8 -0.03579222125771579
4.84 -0.034623594624941106
4.88 -0.03350227606253748
4.92 -0.03242598592724335
4.96 -0.031392571710605395
5.0 -0.0304
5.04 -0.0294463490070216
5.08 -0.028529801619092354
5.12 -0.02764863893389702
5.16 -0.026801234239650997
5.2 -0.02598604740730366
5.24 -0.025201619663592367
5.28 -0.024446568716423773
5.32 -0.023719584206391135
5.36 -0.023019423460362322
5.4 -0.022344907525012177
5.44 -0.021694917459942703
5.48 -0.021068390871651105
5.5200000000000005 -0.0204643186710831
5.5600000000000005 -0.01988174203886026
5.6000000000000005 -0.019319749583506865
5.64 -0.018777474679134376
5.68 -0.01825409297007939
5.72 -0.017748820030943017
5.76 -0.017260909171352264
5.8 -0.01678964937556643
5.84 -0.016334363367787465
5.88 -0.015894405794710534
5.92 -0.015469161517473686
5.96 -0.015058044005738376
6.0 -0.014660493827160493
6.04 -0.014275977225997456
6.08 -0.013903984785045197
6.12 -0.013544030165512167
6.16 -0.013195648919818913
6.2 -0.012858397372663966
6.24 -0.012531851566022214
6.28 -0.012215606264042575
6.32 -0.01190927401408998
6.36 -0.011612484260433941
6.4 -0.011324882507324217
6.44 -0.011046129528414703
6.48 -0.010775900619701089
6.5200000000000005 -0.010513884893327337
6.5600000000000005 -0.010259784609791836
6.6000000000000005 -0.010013314546247175
6.640000000000001 -0.009774201398738903
6.68 -0.009542183216369318
6.72 -0.00931700886550293
6.76 -0.009098437522251906
6.8 -0.008886238191592535
6.84 -0.00868018925156914
6.88 -0.008480078021139575
6.92 -0.008285700350307606
6.96 -0.008096860231272391
7.0 -0.007913369429404415
7.04 -0.00773504713293096
7.08 -0.007561719620283086
7.12 -0.007393219944120262
7.16 -0.0072293876311087515
7.2 -0.007070068396585886
7.24 -0.006915113873294574
7.28 -0.006764381353421403
7.32 -0.006617733543217279
7.36 -0.006475038329522389
7.4 -0.0063361685575572205
7.44 -0.00620100181937884
7.48 -0.006069420252436672
7.5200000000000005 -0.005941310347694858
7.5600000000000005 -0.00581656276681908
7.6000000000000005 -0.005695072167954511
7.640000000000001 -0.005576737039648653
7.68 -0.0054614595424981776
7.72 -0.005349145358122633
7.76 -0.005239703545090353
7.8 -0.0051330464014427
7.84 -0.005029089333482631
7.88 -0.004927750730512011
7.92 -0.004828951845219511
7.96 -0.0047326166794372845
8.0 -0.004638671875
8.040000000000001 -0.0045470466094542855
8.08 -0.004457672496380251
8.120000000000001 -0.004370483490099547
8.16 -0.0042854157945565845
8.2 -0.00420240777617074
8.24 -0.004121399880468283
8.28 -0.004042334552312714
8.32 -0.0039651561595617155
8.36 -0.0038898109199880567
8.4 -0.003816246831309999
8.44 -0.003744413604185017
8.48 -0.003674262598027927
8.52 -0.0036057467595218555
8.56 -0.003538820563697016
8.6 -0.0034734399574587703
8.64 -0.0034095623054522977
8.68 -0.00334714633815701
8.72 -0.003286152102109065
8.76 -0.0032265409121555485
8.8 -0.0031682753056485203
8.84 -0.0031113189984918366
8.88 -0.0030556368429577644
8.92 -0.0030011947871946437
8.96 -0.002947959836350535
9.0 -0.002895900015241579
9.040000000000001 -0.002844984332497107
9.08 -0.002795182746116942
9.120000000000001 -0.0027464661303792967
9.16 -0.0026988062440407422
9.200000000000001 -0.0026521756997723695
9.24 -0.002606547934779045
9.28 -0.0025618971825510308
9.32 -0.002518198445699738
9.36 -0.0024754274698315496
9.4 -0.0024335607184158142
9.44 -0.002392575348605196
9.48 -0.0023524491879683912
9.52 -0.002313160712097182
9.56 -0.0022746890230514127
9.6 -0.002237013828607253
9.64 -0.002200115422275568
9.68 -0.002163974664058822
9.72 -0.0021285729619162645
9.76 -0.002093892253908593
9.8 -0.0020599149909944848
9.84 -0.0020266241204527093
9.88 -0.0019940030699045937
9.92 -0.001962035731912837
9.96 -0.0019307064491336102
10.0 -0.0019
10.040000000000001 -0.0018699015849156957
10.08 -0.00184039681293885
10.120000000000001 -0.0018114716889368007
10.16 -0.0017831126011932721
10.200000000000001 -0.0017553063094503762
10.24 -0.0017280399333685637
10.28 -0.0017013009413883247
10.32 -0.0016750771399781873
10.36 -0.0016493566632541708
10.4 -0.0016241279629564788
10.44 -0.0015993797987698553
10.48 -0.001575101228974523
10.52 -0.001551281601415244
10.56 -0.0015279105447764858
10.6 -0.0015049779601522394
10.64 -0.001482474012899446
10.68 -0.0014603891247644963
10.72 -0.0014387139662726451
10.76 -0.0014174394493706474
10.8 -0.001396556720313261
10.84 -0.0013760571527847013
10.88 -0.001355932341246419
10.92 -0.0013361740945029934
10.96 -0.001316774429478194
11.0 -0.0012977255651936343
11.040000000000001 -0.0012790199169426938
11.08 -0.0012606500906527226
11.120000000000001 -0.0012426088774287662
11.16 -0.0012248892482723639
11.200000000000001 -0.001207484348969179
11.24 -0.001190387495139508
11.28 -0.0011735921674458985
11.32 -0.0011570920069523766
11.36 -0.001140880810629962
11.4 -0.0011249525270033602
11.44 -0.0011093012519339386
11.48 -0.0010939212245342402
11.52 -0.0010788068232095165
11.56 -0.0010639525618218809
11.6 -0.0010493530859729018
11.64 -0.0010350031694005633
11.68 -0.0010208977104867165
11.72 -0.0010070317288712537
11.76 -0.0009934003621694084
11.8 -0.0009799988627886879
11.84 -0.0009668225948421054
11.88 -0.0009538670311544711
11.92 -0.0009411277503586485
11.96 -0.0009286004340787683
12.0 -0.0009162808641975308
12.040000000000001 -0.0009041649202048024
12.08 -0.000892248576624841
12.120000000000001 -0.0008805279005195555
12.16 -0.0008689990490653248
12.200000000000001 -0.0008576582672009591
12.24 -0.0008465018853445104
12.280000000000001 -0.0008355263171766785
12.32 -0.000824728057488682
12.36 -0.0008141036800925006
12.4 -0.0008036498357914979
12.44 -0.0007933632504094899
12.48 -0.0007832407228763883
12.52 -0.000773279123368633
12.56 -0.0007634753915026609
12.6 -0.000753826534579753
12.64 -0.0007443296258806238
12.68 -0.0007349818030082081
12.72 -0.0007257802662771213
12.76 -0.0007167222771483518
12.8 -0.0007078051567077636
12.84 -0.000699026284187065
12.88 -0.0006903830955259189
12.92 -0.0006818730819739363
12.96 -0.000673493788731318
13.0 -0.0006652428136269739
13.040000000000001 -0.0006571178058329586
13.08 -0.0006491164646141365
13.120000000000001 -0.0006412365381119898
13.16 -0.000633475822161551
13.200000000000001 -0.0006258321591404484
13.24 -0.0006183034368491102
13.280000000000001 -0.0006108875874211814
13.32 -0.0006035825862632622
13.36 -0.0005963864510230823
13.4 -0.0005892972405852756
13.44 -0.0005823130540939331
13.48 -0.0005754320300011407
13.52 -0.0005686523451407441
13.56 -0.0005619722138265891
13.6 -0.0005553898869745334
13.64 -0.0005489036512475226
13.68 -0.0005425118282230713
13.72 -0.0005362127735824878
13.76 -0.0005300048763212234
13.8 -0.0005238865579797274
13.84 -0.0005178562718942254
13.88 -0.0005119125024668422
13.92 -0.0005060537644545244
13.96 -0.0005002786022762156
14.0 -0.0004945855893377759
14.040000000000001 -0.000488973327374133
14.08 -0.000483440445808185
14.120000000000001 -0.00047798560112597614
14.16 -0.00047260747626769287
14.200000000000001 -0.00046730478003403225
14.24 -0.0004620762465075164
14.280000000000001 -0.0004569206344883321
14.32 -0.00045183672694429697
14.36 -0.00044682333047455376
14.4 -0.0004418792747866179
14.44 -0.00043700341218641
14.48 -0.0004321946170809109
14.52 -0.0004274517854931007
14.56 -0.0004227738345888377
14.6 -0.0004181597022153591
14.64 -0.00041360834645107994
14.68 -0.00040911874516639076
14.72 -0.0004046898955951493
14.76 -0.00040032081391658454
14.8 -0.0003960105348473263
14.84 -0.0003917581112432943
14.88 -0.0003875626137111775
14.92 -0.0003834231302292536
14.96 -0.000379338765777292
15.0 -0.00037530864197530867
15.040000000000001 -0.00037133189673092863
15.08 -0.0003674076838951374
15.120000000000001 -0.0003635351729261925
15.16 -0.0003597135485614881
15.200000000000001 -0.00035594201049715695
15.24 -0.0003522197730752143
15.280000000000001 -0.00034854606497804083
15.32 -0.00034492012893001973
15.36 -0.0003413412214061361
15.4 -0.00033780861234736416
15.44 -0.00033432158488266454
15.48 -0.00033087943505741974
15.52 -0.00032748147156814707
15.56 -0.00032412701550332313
15.6 -0.00032081540009016874
15.64 -0.0003175459704472373
15.68 -0.00031431808334266443
15.72 -0.00031113110695793044
15.76 -0.0003079844206570007
15.8 -0.0003048774147607035
15.84 -0.00030180949032621946
15.88 -0.00029878005893154764
15.92 -0.0002957885424648303
15.96 -0.00029283437291840905
16.0 -0.0002899169921875
16.04 -0.00028703585187336806
16.080000000000002 -0.00028419041309089285
16.12 -0.0002813801462804166
16.16 -0.0002786045310237657
16.2 -0.00027586305586434803
16.240000000000002 -0.0002731552181312217
16.28 -0.000270480523767042
16.32 -0.00026783848715978653
16.36 -0.0002652286309781722
16.4 -0.00026265048601067123
16.44 -0.0002601035910080384
16.48 -0.0002575874925292677
16.52 -0.0002551017447908913
16.56 -0.0002526459095195446
16.6 -0.0002502195558077159
16.64 -0.0002478222599726072
16.68 -0.000245453605418028
16.72 -0.00024311318249925354
16.76 -0.00024080058839077515
16.8 -0.00023851542695687493
16.84 -0.00023625730862495542
16.88 -0.00023402585026156356
16.92 -0.0002318206750510415
16.96 -0.00022964141237674543
17.0 -0.00022748769770476886
17.04 -0.00022535917247011597
17.080000000000002 -0.00022325548396526422
17.12 -0.0002211762852310635
17.16 -0.00021912123494991374
17.2 -0.00021708999734117314
17.240000000000002 -0.0002150822420587411
17.28 -0.0002130976440907686
17.32 -0.0002111358836614446
17.36 -0.00020919664613481311
17.400000000000002 -0.0002072796219205731
17.44 -0.00020538450638181658
17.48 -0.00020351099974465897
17.52 -0.00020165880700972178
17.56 -0.00019982763786542248
17.6 -0.00019801720660303252
17.64 -0.00019622723203346334
17.68 -0.0001944574374057398
17.72 -0.00019270755032712526
17.76 -0.00019097730268486027
17.8 -0.00018926643056947867
17.84 -0.00018757467419966523
17.88 -0.00018590177784862197
17.92 -0.00018424748977190843
17.96 -0.000182611562136724
18.0 -0.0001809937509525987
18.04 -0.0001793938160034637
18.080000000000002 -0.0001778115207810692
18.12 -0.00017624663241972162
18.16 -0.00017469892163230887
18.2 -0.000173168162647588
18.240000000000002 -0.00017165413314870604
18.28 -0.00017015661421292849
18.32 -0.0001686753902525464
18.36 -0.00016721024895694037
18.400000000000002 -0.0001657609812357731
18.44 -0.00016432738116328838
18.48 -0.0001629092459236903
18.52 -0.00016150637575758199
18.56 -0.00016011857390943942
18.6 -0.0001587456465760983
18.64 -0.00015738740285623363
18.68 -0.00015604365470080805
18.72 -0.00015471421686447185
18.76 -0.00015339890685789136
18.8 -0.0001520975449009884
18.84 -0.00015080995387706887
18.88 -0.00014953595928782475
18.92 -0.0001482753892091886
18.96 -0.00014702807424802445
19.0 -0.0001457938474996355
19.04 -0.00014457254450607387
19.080000000000002 -0.00014336400321523384
19.12 -0.0001421680639407133
19.16 -0.0001409845693224265
19.2 -0.00013981336428795332
19.240000000000002 -0.00013865429601460952
19.28 -0.000137507213892223
19.32 -0.00013637196948660128
19.36 -0.0001352484165036764
19.400000000000002 -0.00013413641075431295
19.44 -0.00013303581011976653
19.48 -0.00013194647451777707
19.52 -0.00013086826586928706
19.56 -0.00012980104806576968
19.6 -0.0001287446869371553
19.64 -0.00012769905022034448
19.68 -0.00012666400752829433
19.72 -0.00012563943031966836
19.76 -0.0001246251918690371
19.8 -0.00012362116723761945
19.84 -0.00012262723324455232
19.88 -0.00012164326843867985
19.92 -0.00012066915307085064
19.96 -0.00011970476906671341
20.0 -0.00011875
20.04 -0.00011780473106628784
20.080000000000002 -0.00011686884905723098
20.12 -0.00011594224233525101
20.16 -0.00011502480080867812
20.2 -0.00011411641590733445
20.240000000000002 -0.00011321698055855004
20.28 -0.00011232638916360374
20.32 -0.00011144453757457951
20.36 -0.00011057132307163147
20.400000000000002 -0.00010970664434064851
20.44 -0.00010885040145131166
20.48 -0.00010800249583553523
20.52 -0.00010716283026628567
20.56 -0.0001063313088367703
20.6 -0.00010550783693998804
20.64 -0.00010469232124863671
20.68 -0.00010388466969536807
20.72 -0.00010308479145338568
20.76 -0.0001022925969173778
20.8 -0.00010150799768477993
20.84 -0.00010073090653735914
20.88 -9.996123742311596e-05
20.92 -9.919890543849613e-05
20.96 -9.844382681090768e-05
21.0 -9.769591888153598e-05
21.04 -9.695510008845275e-05
21.080000000000002 -9.62212899500123e-05
21.12 -9.549440904853036e-05
21.16 -9.477437901423918e-05
21.2 -9.406112250951496e-05
21.240000000000002 -9.335456321337141e-05
21.28 -9.265462580621537e-05
21.32 -9.19612359548584e-05
21.36 -9.127432029778102e-05
21.400000000000002 -9.059380643064358e-05
21.44 -8.991962289204032e-05
21.48 -8.925169914949076e-05
21.52 -8.858996558566546e-05
21.56 -8.793435348484077e-05
21.6 -8.728479501957882e-05
21.64 -8.664122323762867e-05
21.68 -8.600357204904383e-05
21.72 -8.53717762135133e-05
21.76 -8.474577132790118e-05
21.8 -8.412549381399208e-05
21.84 -8.351088090643709e-05
21.88 -8.29018706408983e-05
21.92 -8.229840184238713e-05
21.96 -8.170041411379356e-05
22.0 -8.110784782460214e-05
22.04 -8.052064409979221e-05
22.080000000000002 -7.993874480891836e-05
22.12 -7.936209255536847e-05
22.16 -7.879063066579516e-05
22.2 -7.82243031797188e-05
22.240000000000002 -7.766305483929789e-05
22.28 -7.71068310792648e-05
22.32 -7.655557801702274e-05
22.36 -7.600924244290226e-05
22.400000000000002 -7.546777181057369e-05
22.44 -7.493111422761324e-05
22.48 -7.439921844621925e-05
22.52 -7.3872033854077e-05
22.56 -7.334951046536866e-05
22.6 -7.283159891192595e-05
22.64 -7.231825043452354e-05
22.68 -7.180941687430965e-05
22.72 -7.130505066437262e-05
22.76 -7.080510482144025e-05
22.8 -7.030953293771002e-05
22.84 -6.981828917280749e-05
22.88 -6.933132824587116e-05
22.92 -6.884860542776116e-05
22.96 -6.837007653339002e-05
23.0 -6.789569791417269e-05
23.04 -6.742542645059478e-05
23.080000000000002 -6.6959219544896e-05
23.12 -6.649703511386755e-05
23.16 -6.603883158176088e-05
23.2 -6.558456787330636e-05
23.240000000000002 -6.513420340683984e-05
23.28 -6.46876980875352e-05
23.32 -6.424501230074103e-05
23.36 -6.380610690541978e-05
23.400000000000002 -6.337094322768762e-05
23.44 -6.293948305445336e-05
23.48 -6.251168862715427e-05
23.52 -6.208752263558802e-05
23.56 -6.166694821183831e-05
23.6 -6.124992892429299e-05
23.64 -6.0836428771753215e-05
23.68 -6.0426412177631585e-05
23.72 -6.001984398423847e-05
23.76 -5.9616689447154444e-05
23.8 -5.9216914229687855e-05
23.84 -5.882048439741553e-05
23.88 -5.8427366412805995e-05
23.92 -5.803752712992302e-05
23.96 -5.765093378920896e-05
24.0 -5.7267554012345676e-05
24.04 -5.6887355797192624e-05
24.080000000000002 -5.651030751280015e-05
24.12 -5.6136377894497364e-05
24.16 -5.576553603905256e-05
24.2 -5.539775139990585e-05
24.240000000000002 -5.503299378247222e-05
24.28 -5.467123333951424e-05
24.32 -5.43124405665828e-05
24.36 -5.395658629752531e-05
24.400000000000002 -5.3603641700059946e-05
24.44 -5.3253578271415e-05
24.48 -5.29063678340319e-05
24.52 -5.2561982531331584e-05
24.560000000000002 -5.222039482354241e-05
24.6 -5.188157748358934e-05
24.64 -5.154550359304263e-05
24.68 -5.1212146538125754e-05
24.72 -5.088148000578129e-05
24.76 -5.0553477979793713e-05
24.8 -5.022811473696862e-05
24.84 -4.9905364843366826e-05
24.88 -4.9585203150593116e-05
24.92 -4.926760479213834e-05
24.96 -4.895254517977427e-05
25.0 -4.864e-05
25.04 -4.832994521053956e-05
25.080000000000002 -4.802235703688956e-05
25.12 -4.771721196891631e-05
25.16 -4.7414486757501266e-05
25.2 -4.7114158411234566e-05
25.240000000000002 -4.681620419315542e-05
25.28 -4.6520601617538985e-05
25.32 -4.622732844672859e-05
25.36 -4.593636268801301e-05
25.400000000000002 -4.5647682590547757e-05
25.44 -4.536126664232008e-05
25.48 -4.507709356715637e-05
25.52 -4.479514232177199e-05
25.560000000000002 -4.451539209286239e-05
25.6 -4.423782229423522e-05
25.64 -4.396241256398233e-05
25.68 -4.368914276169156e-05
25.72 -4.341799296569741e-05
25.76 -4.314894347036993e-05
25.8 -4.28819747834416e-05
25.84 -4.2617067623371016e-05
25.88 -4.235420291674346e-05
25.92 -4.209336179570738e-05
25.96 -4.183452559544635e-05
26.0 -4.157767585168587e-05
26.04 -4.132279429823469e-05
26.080000000000002 -4.106986286455991e-05
26.12 -4.081886367339551e-05
26.16 -4.056977903838353e-05
26.2 -4.03225914617478e-05
26.240000000000002 -4.007728363199936e-05
26.28 -3.983383842167343e-05
26.32 -3.9592238885096935e-05
26.36 -3.935246825618682e-05
26.400000000000002 -3.911450994627803e-05
26.44 -3.887834754198124e-05
26.48 -3.864396480306939e-05
26.52 -3.8411345660393045e-05
26.560000000000002 -3.818047421382384e-05
26.6 -3.795133473022581e-05
26.64 -3.772391164145389e-05
26.68 -3.749818954237949e-05
26.72 -3.7274153188942647e-05
26.76 -3.7051787496230154e-05
26.8 -3.683107753657972e-05
26.84 -3.661200853770915e-05
26.88 -3.639456588087082e-05
26.92 -3.617873509903062e-05
26.96 -3.59645018750713e-05
27.0 -3.5751852040019496e-05
27.04 -3.554077157129651e-05
27.080000000000002 -3.5331246590992205e-05
27.12 -3.512326336416182e-05
27.16 -3.49168082971452e-05
27.2 -3.471186793590834e-05
27.240000000000002 -3.450842896440668e-05
27.28 -3.430647820297016e-05
27.32 -3.410600260670922e-05
27.36 -3.3906989263941954e-05
27.400000000000002 -3.3709425394641765e-05
27.44 -3.3513298348905486e-05
27.48 -3.3318595605441264e-05
27.52 -3.3125304770076464e-05
27.560000000000002 -3.2933413574284836e-05
27.6 -3.274290987373296e-05
27.64 -3.25537816468455e-05
27.68 -3.2366016993389085e-05
27.72 -3.217960413307463e-05
27.76 -3.199453140417764e-05
27.8 -3.1810787262176424e-05
27.84 -3.162836027840778e-05
27.88 -3.144723913874009e-05
27.92 -3.1267412642263475e-05
27.96 -3.1088869699996764e-05
28.0 -3.0911599333610995e-05
28.04 -3.073559067416938e-05
28.080000000000002 -3.056083296088331e-05
28.12 -3.038731553988431e-05
28.16 -3.021502786301156e-05
28.2 -3.0043959486614997e-05
28.240000000000002 -2.987410007037351e-05
28.28 -2.9705439376128282e-05
28.32 -2.9537967266730804e-05
28.36 -2.9371673704905553e-05
28.400000000000002 -2.9206548752127016e-05
28.44 -2.9042582567511007e-05
28.48 -2.8879765406719775e-05
28.52 -2.871808762088107e-05
28.560000000000002 -2.8557539655520755e-05
28.6 -2.8398112049508816e-05
28.64 -2.823979543401856e-05
28.68 -2.8082580531498934e-05
28.72 -2.792645815465961e-05
28.76 -2.77714192054688e-05
28.8 -2.7617454674163618e-05
28.84 -2.7464555638272612e-05
28.88 -2.7312713261650625e-05
28.92 -2.716191879352553e-05
28.96 -2.701216356755693e-05
29.0 -2.686343900090629e-05
29.04 -2.6715736593318794e-05
29.080000000000002 -2.6569047926216434e-05
29.12 -2.6423364661802356e-05
29.16 -2.627867854217611e-05
29.2 -2.6134981388459943e-05
29.240000000000002 -2.5992265099935715e-05
29.28 -2.5850521653192496e-05
29.32 -2.5709743101284503e-05
29.36 -2.5569921572899422e-05
29.400000000000002 -2.543104927153685e-05
29.44 -2.5293118474696833e-05
29.48 -2.515612153307815e-05
29.52 -2.5020050869786534e-05
29.560000000000002 -2.488489897955234e-05
29.6 -2.4750658427957893e-05
29.64 -2.4617321850674003e-05
29.68 -2.4484881952705892e-05
29.72 -2.4353331507648124e-05
29.76 -2.4222663356948595e-05
29.8 -2.40928704091814e-05
29.84 -2.396394563932835e-05
29.88 -2.3835882088069276e-05
29.92 -2.370867286108075e-05
29.96 -2.35823111283433e-05
30.0 -2.345679012345679e-05
30.04 -2.3332103142964147e-05
30.080000000000002 -2.320824354568304e-05
30.12 -2.308520475204563e-05
30.16 -2.2962980243446087e-05
30.2 -2.284156356159593e-05
30.240000000000002 -2.2720948307887033e-05
30.28 -2.2601128142762175e-05
30.32 -2.2482096785093008e-05
30.36 -2.236384801156545e-05
30.400000000000002 -2.224637565607231e-05
30.44 -2.2129673609113104e-05
30.48 -2.2013735817200892e-05
30.52 -2.189855628227616e-05
30.560000000000002 -2.1784129061127552e-05
30.6 -2.1670448264819467e-05
30.64 -2.1557508058126233e-05
30.68 -2.1445302658973078e-05
30.72 -2.1333826337883506e-05
30.76 -2.122307341743319e-05
30.8 -2.111303827171026e-05
30.84 -2.1003715325781778e-05
30.88 -2.0895099055166534e-05
30.92 -2.0787183985313885e-05
30.96 -2.0679964691088734e-05
31.0 -2.057343579626235e-05
31.04 -2.0467591973009192e-05
31.080000000000002 -2.0362427941409508e-05
31.12 -2.0257938468957696e-05
31.16 -2.015411837007628e-05
31.2 -2.0050962505635546e-05
31.240000000000002 -1.9948465782478667e-05
31.28 -1.984662315295233e-05
31.32 -1.9745429614442655e-05
31.36 -1.9644880208916527e-05
31.400000000000002 -1.954497002246812e-05
31.44 -1.9445694184870653e-05
31.48 -1.9347047869133187e-05
31.52 -1.9249026291062543e-05
31.560000000000002 -1.9151624708830164e-05
31.6 -1.9054838422543968e-05
31.64 -1.8958662773824958e-05
31.68 -1.8863093145388716e-05
31.720000000000002 -1.8768124960631612e-05
31.76 -1.8673753683221727e-05
31.8 -1.8579974816694308e-05
31.84 -1.8486783904051892e-05
31.88 -1.8394176527368878e-05
31.92 -1.8302148307400566e-05
31.96 -1.8210694903196607e-05
32.0 -1.811981201171875e-05
32.04 -1.8029495367462917e-05
32.08 -1.7939740742085504e-05
32.12 -1.7850543944033845e-05
32.160000000000004 -1.7761900818180803e-05
32.2 -1.767380724546352e-05
32.24 -1.758625914252604e-05
32.28 -1.749925246136601e-05
32.32 -1.7412783188985357e-05
32.36 -1.7326847347044706e-05
32.4 -1.7241440991521752e-05
32.44 -1.7156560212373347e-05
32.480000000000004 -1.7072201133201357e-05
32.52 -1.6988359910922233e-05
32.56 -1.6905032735440127e-05
32.6 -1.6822215829323742e-05
32.64 -1.6739905447486658e-05
32.68 -1.6658097876871198e-05
32.72 -1.6576789436135764e-05
32.76 -1.64959764753456e-05
32.8 -1.6415655375666952e-05
32.84 -1.6335822549064528e-05
32.88 -1.62564744380024e-05
32.92 -1.617760751514794e-05
32.96 -1.609921828307923e-05
33.0 -1.6021303273995487e-05
33.04 -1.5943859049430708e-05
33.08 -1.5866882199970435e-05
33.12 -1.5790369344971538e-05
33.160000000000004 -1.571431713228509e-05
33.2 -1.5638722237982245e-05
33.24 -1.556358136608299e-05
33.28 -1.548889124828795e-05
33.32 -1.5414648643713e-05
33.36 -1.534085033862675e-05
33.4 -1.5267493146190907e-05
33.44 -1.5194573906203347e-05
33.480000000000004 -1.5122089484843994e-05
33.52 -1.5050036774423447e-05
33.56 -1.4978412693134213e-05
33.6 -1.4907214184804683e-05
33.64 -1.4836438218655692e-05
33.68 -1.4766081789059714e-05
33.72 -1.469614191530257e-05
33.76 -1.4626615641347722e-05
33.8 -1.4557500035603052e-05
33.84 -1.4488792190690094e-05
33.88 -1.4420489223215803e-05
33.92 -1.435258827354659e-05
33.96 -1.4285086505584896e-05
34.0 -1.4217981106548054e-05
34.04 -1.415126928674949e-05
34.08 -1.4084948279382248e-05
34.12 -1.4019015340304787e-05
34.160000000000004 -1.3953467747829013e-05
34.2 -1.3888302802510618e-05
34.24 -1.3823517826941469e-05
34.28 -1.3759110165544318e-05
34.32 -1.3695077184369609e-05
34.36 -1.363141627089438e-05
34.4 -1.3568124833823321e-05
34.44 -1.3505200302891859e-05
34.480000000000004 -1.3442640128671318e-05
34.52 -1.3380441782376143e-05
34.56 -1.3318602755673038e-05
34.6 -1.3257120560492166e-05
34.64 -1.3195992728840287e-05
34.68 -1.3135216812615816e-05
34.72 -1.307479038342582e-05
34.76 -1.3014711032404874e-05
34.800000000000004 -1.295497637003582e-05
34.84 -1.289558402597238e-05
34.88 -1.2836531648863536e-05
34.92 -1.2777816906179795e-05
34.96 -1.2719437484041186e-05
35.0 -1.2661391087047065e-05
35.04 -1.2603675438107611e-05
35.08 -1.2546288278277112e-05
35.12 -1.2489227366588905e-05
35.160000000000004 -1.243249047989202e-05
35.2 -1.2376075412689532e-05
35.24 -1.2319979976978474e-05
35.28 -1.2264202002091459e-05
35.32 -1.2208739334539888e-05
35.36 -1.2153589837858737e-05
35.4 -1.209875139245294e-05
35.44 -1.2044221895445329e-05
35.480000000000004 -1.198999926052608e-05
35.52 -1.1936081417803767e-05
35.56 -1.188246631365779e-05
35.6 -1.1829151910592417e-05
35.64 -1.1776136187092237e-05
35.68 -1.1723417137479077e-05
35.72 -1.1670992771770353e-05
35.76 -1.1618861115538873e-05
35.800000000000004 -1.1567020209773999e-05
35.84 -1.1515468110744277e-05
35.88 -1.1464202889861337e-05
35.92 -1.141322263354525e-05
35.96 -1.1362525443091188e-05
36.0 -1.1312109434537418e-05
36.04 -1.1261972738534615e-05
36.08 -1.121211350021648e-05
36.12 -1.1162529879071641e-05
36.160000000000004 -1.1113220048816825e-05
36.2 -1.1064182197271316e-05
36.24 -1.1015414526232601e-05
36.28 -1.0966915251353303e-05
36.32 -1.0918682602019304e-05
36.36 -1.0870714821229085e-05
36.4 -1.082301016547425e-05
36.44 -1.0775566904621224e-05
36.480000000000004 -1.0728383321794128e-05
36.52 -1.0681457713258825e-05
36.56 -1.063478838830803e-05
36.6 -1.0588373669147646e-05
36.64 -1.054221189078415e-05
36.68 -1.0496301400913107e-05
36.72 -1.0450640559808773e-05
36.76 -1.0405227740214766e-05
36.800000000000004 -1.0360061327235818e-05
36.84 -1.0315139718230599e-05
36.88 -1.0270461322705524e-05
36.92 -1.0226024562209663e-05
36.96 -1.0181827870230644e-05
37.0 -1.0137869692091555e-05
37.04 -1.0094148484848874e-05
37.08 -1.0050662717191366e-05
37.12 -1.0007410869339964e-05
37.160000000000004 -9.96439143294862e-06
37.2 -9.921602911006144e-06
37.24 -9.879043817738915e-06
37.28 -9.836712678514602e-06
37.32 -9.794608029746785e-06
37.36 -9.752728418800503e-06
37.4 -9.711072403898678e-06
37.44 -9.66963855402949e-06
37.480000000000004 -9.62842544885458e-06
37.52 -9.58743167861821e-06
37.56 -9.546655844057193e-06
37.6 -9.506096556311774e-06
37.64 -9.465752436837307e-06
37.68 -9.425622117316804e-06
37.72 -9.385704239574299e-06
37.76 -9.345997455489047e-06
37.800000000000004 -9.306500426910526e-06
37.84 -9.267211825574287e-06
37.88 -9.228130333018528e-06
37.92 -9.189254640501528e-06
37.96 -9.150583448919834e-06
38.0 -9.11211546872722e-06
38.04 -9.073849419854422e-06
38.08 -9.035784031629617e-06
38.12 -8.997918042699676e-06
38.160000000000004 -8.960250200952115e-06
38.2 -8.922779263437846e-06
38.24 -8.88550399629458e-06
38.28 -8.848423174671009e-06
38.32 -8.811535582651656e-06
38.36 -8.774840013182473e-06
38.4 -8.738335267997082e-06
38.44 -8.702020157543771e-06
38.480000000000004 -8.665893500913095e-06
38.52 -8.629954125766232e-06
38.56 -8.594200868263938e-06
38.6 -8.55863257299621e-06
38.64 -8.52324809291258e-06
38.68 -8.48804628925307e-06
38.72 -8.453026031479774e-06
38.76 -8.41818619720909e-06
38.800000000000004 -8.383525672144559e-06
38.84 -8.349043350010372e-06
38.88 -8.314738132485408e-06
38.92 -8.280608929137969e-06
38.96 -8.246654657361067e-06
39.0 -8.21287424230832e-06
39.04 -8.179266616830441e-06
39.08 -8.145830721412306e-06
39.12 -8.112565504110605e-06
39.160000000000004 -8.079469920492054e-06
39.2 -8.046542933572206e-06
39.24 -8.01378351375477e-06
39.28 -7.98119063877153e-06
39.32 -7.948763293622795e-06
39.36 -7.916500470518396e-06
39.4 -7.884401168819218e-06
39.44 -7.852464394979273e-06
39.480000000000004 -7.820689162488281e-06
39.52 -7.789074491814819e-06
39.56 -7.757619410349916e-06
39.6 -7.726322952351216e-06
39.64 -7.69518415888764e-06
39.68 -7.66420207778452e-06
39.72 -7.633375763569262e-06
39.76 -7.602704277417491e-06
39.800000000000004 -7.5721866870996515e-06
39.84 -7.541822066928165e-06
39.88 -7.511609497704967e-06
39.92 -7.481548066669588e-06
39.96 -7.451636867447681e-06
40.0 -7.421875e-06
40.04 -7.392261570571851e-06
40.08 -7.36279569164299e-06
40.12 -7.333476481877973e-06
40.160000000000004 -7.304303066076936e-06
40.2 -7.275274575126857e-06
40.24 -7.246390145953188e-06
40.28 -7.217648921471976e-06
40.32 -7.1890500505423825e-06
40.36 -7.160592687919638e-06
40.4 -7.132275994208403e-06
40.44 -7.104099135816555e-06
40.480000000000004 -7.076061284909378e-06
40.52 -7.04816161936417e-06
40.56 -7.0203993227252334e-06
40.6 -6.992773584159279e-06
40.64 -6.965283598411219e-06
40.68 -6.937928565760361e-06
40.72 -6.910707691976967e-06
40.76 -6.883620188279216e-06
40.800000000000004 -6.856665271290532e-06
40.84 -6.829842162997312e-06
40.88 -6.803150090706979e-06
40.92 -6.776588287006452e-06
40.96 -6.750155989720952e-06
41.0 -6.723852441873181e-06
41.04 -6.697676891642854e-06
41.08 -6.6716285923265915e-06
41.12 -6.645706802298143e-06
41.160000000000004 -6.619910784968984e-06
41.2 -6.594239808749252e-06
41.24 -6.568693147008995e-06
41.28 -6.543270078039794e-06
41.32 -6.517969885016701e-06
41.36 -6.4927918559605046e-06
41.4 -6.467735283700341e-06
41.44 -6.442799465836605e-06
41.480000000000004 -6.417983704704199e-06
41.52 -6.393287307336113e-06
41.56 -6.3687095854272706e-06
41.6 -6.344249855298745e-06
41.64 -6.319907437862251e-06
41.68 -6.2956816585849464e-06
41.72 -6.271571847454551e-06
41.76 -6.247577338944747e-06
41.800000000000004 -6.223697471980886e-06
41.84 -6.199931589906008e-06
41.88 -6.176279040447106e-06
41.92 -6.15273917568173e-06
41.96 -6.129311352004848e-06
42.0 -6.105994930095999e-06
42.04 -6.082789274886729e-06
42.08 -6.059693755528297e-06
42.12 -6.0367077453596694e-06
42.160000000000004 -6.0138306218757685e-06
42.2 -5.9910617666960245e-06
42.24 -5.968400565533148e-06
42.28 -5.945846408162206e-06
42.32 -5.923398688389949e-06
42.36 -5.901056804024398e-06
42.4 -5.878820156844685e-06
42.44 -5.856688152571155e-06
42.480000000000004 -5.834660200835713e-06
42.52 -5.8127357151524485e-06
42.56 -5.790914112888461e-06
42.6 -5.769194815234967e-06
42.64 -5.74757724717865e-06
42.68 -5.726060837473236e-06
42.72 -5.704645018611314e-06
42.76 -5.683329226796399e-06
42.800000000000004 -5.662112901915224e-06
42.84 -5.640995487510272e-06
42.88 -5.61997643075252e-06
42.92 -5.5990551824144335e-06
42.96 -5.5782311968431725e-06
43.0 -5.557503931934032e-06
43.04 -5.536872849104091e-06
43.08 -5.5163374132660955e-06
43.12 -5.495897092802548e-06
43.160000000000004 -5.475551359540017e-06
43.2 -5.455299688723676e-06
43.24 -5.435141558992013e-06
43.28 -5.415076452351792e-06
43.32 -5.395103854153209e-06
43.36 -5.3752232530652395e-06
43.4 -5.3554341410512155e-06
43.44 -5.335736013344581e-06
43.480000000000004 -5.316128368424857e-06
43.52 -5.296610707993824e-06
43.56 -5.277182536951859e-06
43.6 -5.257843363374505e-06
43.64 -5.2385926984892205e-06
43.68 -5.219430056652318e-06
43.72 -5.200354955326093e-06
43.76 -5.1813669150561435e-06
43.800000000000004 -5.162465459448875e-06
43.84 -5.1436501151491955e-06
43.88 -5.124920411818373e-06
43.92 -5.106275882112097e-06
43.96 -5.087716061658716e-06
44.0 -5.069240489037634e-06
44.04 -5.050848705757911e-06
44.08 -5.032540256237013e-06
44.12 -5.014314687779755e-06
44.160000000000004 -4.996171550557398e-06
44.2 -4.978110397586936e-06
44.24 -4.960130784710529e-06
44.28 -4.942232270575117e-06
44.32 -4.924414416612198e-06
44.36 -4.906676787017768e-06
44.4 -4.889018948732425e-06
44.44 -4.871440471421627e-06
44.480000000000004 -4.853940927456118e-06
44.52 -4.83651989189252e-06
44.56 -4.81917694245405e-06
44.6 -4.801911659511429e-06
44.64 -4.784723626063921e-06
44.68 -4.767612427720539e-06
44.72 -4.750577652681391e-06
44.76 -4.733618891719181e-06
44.800000000000004 -4.716735738160856e-06
44.84 -4.699927787869414e-06
44.88 -4.6831946392258275e-06
44.92 -4.6665358931111415e-06
44.96 -4.649951152888703e-06
45.0 -4.6334400243865264e-06
45.04 -4.6170021158798124e-06
45.08 -4.600637038073597e-06
45.12 -4.584344404085541e-06
45.160000000000004 -4.568123829428854e-06
45.2 -4.551974931995372e-06
45.24 -4.535897332038732e-06
45.28 -4.519890652157721e-06
45.32 -4.503954517279731e-06
45.36 -4.488088554644353e-06
45.4 -4.472292393787107e-06
45.44 -4.456565666523289e-06
45.480000000000004 -4.44090800693195e-06
45.52 -4.4253190513400155e-06
45.56 -4.4097984383065e-06
45.6 -4.394345808606876e-06
45.64 -4.37896080521755e-06
45.68 -4.363643073300468e-06
45.72 -4.348392260187831e-06
45.76 -4.333208015366948e-06
45.800000000000004 -4.318089990465186e-06
45.84 -4.303037839235073e-06
45.88 -4.2880512175394635e-06
45.92 -4.273129783336876e-06
45.96 -4.258273196666911e-06
46.0 -4.243481119635793e-06
46.04 -4.22875321640203e-06
46.08 -4.214089153162174e-06
46.12 -4.1994885981367015e-06
46.160000000000004 -4.184951221556e-06
46.2 -4.170476695646471e-06
46.24 -4.156064694616722e-06
46.28 -4.141714894643891e-06
46.32 -4.127426973860055e-06
46.36 -4.1132006123387615e-06
46.4 -4.099035492081648e-06
46.44 -4.084931297005184e-06
46.480000000000004 -4.07088771292749e-06
46.52 -4.056904427555295e-06
46.56 -4.04298113047095e-06
46.6 -4.02911751311958e-06
46.64 -4.015313268796314e-06
46.68 -4.00156809263362e-06
46.72 -3.9878816815887365e-06
46.76 -3.974253734431202e-06
46.800000000000004 -3.960683951730476e-06
46.84 -3.947172035843668e-06
46.88 -3.933717690903335e-06
46.92 -3.920320622805399e-06
46.96 -3.906980539197142e-06
47.0 -3.893697149465303e-06
47.04 -3.880470164724251e-06
47.08 -3.867299297804267e-06
47.12 -3.854184263239895e-06
47.160000000000004 -3.8411247772584e-06
47.2 -3.828120557768312e-06
47.24 -3.815171324348036e-06
47.28 -3.802276798234576e-06
47.32 -3.78943670231233e-06
47.36 -3.776650761101974e-06
47.4 -3.7639187007494274e-06
47.44 -3.7512402490149044e-06
47.480000000000004 -3.7386151352620483e-06
47.52 -3.7260430904471527e-06
47.56 -3.7135238471084485e-06
47.6 -3.701057139355491e-06
47.64 -3.688642702858614e-06
47.68 -3.676280274838471e-06
47.72 -3.6639695940556514e-06
47.76 -3.6517104008003747e-06
47.800000000000004 -3.63950243688226e-06
47.84 -3.6273454456201886e-06
47.88 -3.6152391718322103e-06
47.92 -3.60318336182556e-06
47.96 -3.5911777633867264e-06
48.0 -3.5792221257716047e-06
48.04 -3.567316199695724e-06
48.08 -3.555459737324539e-06
48.120000000000005 -3.5436524922638013e-06
48.160000000000004 -3.5318942195500093e-06
48.2 -3.5201846756409094e-06
48.24 -3.5085236184060852e-06
48.28 -3.4969108071176138e-06
48.32 -3.485346002440785e-06
48.36 -3.473828966424897e-06
48.4 -3.4623594624941156e-06
48.44 -3.450937255438403e-06
48.480000000000004 -3.4395621114045137e-06
48.52 -3.4282337978870618e-06
48.56 -3.41695208371964e-06
48.6 -3.4057167390660234e-06
48.64 -3.394527535411425e-06
48.68 -3.383384245553819e-06
48.72 -3.372286643595332e-06
48.76 -3.361234504933693e-06
48.800000000000004 -3.3502276062537466e-06
48.84 -3.3392657255190372e-06
48.88 -3.3283486419634374e-06
48.92 -3.317476136082855e-06
48.96 -3.306647989626994e-06
49.0 -3.2958639855911767e-06
49.04 -3.285123908208224e-06
49.08 -3.274427542940398e-06
49.120000000000005 -3.2637746764714005e-06
49.160000000000004 -3.2531650966984393e-06
49.2 -3.242598592724334e-06
49.24 -3.232074954849697e-06
49.28 -3.2215939745651643e-06
49.32 -3.211155444543684e-06
49.36 -3.2007591586328596e-06
49.4 -3.1904049118473515e-06
49.44 -3.1800925003613304e-06
49.480000000000004 -3.169821721500988e-06
49.52 -3.159592373737107e-06
49.56 -3.14940425667767e-06
49.6 -3.1392571710605386e-06
49.64 -3.129150918746176e-06
49.68 -3.1190853027104266e-06
49.72 -3.1090601270373426e-06
49.76 -3.0990751969120697e-06
49.800000000000004 -3.0891303186137764e-06
49.84 -3.0792252995086463e-06
49.88 -3.0693599480429007e-06
49.92 -3.059534073735892e-06
49.96 -3.049747487173237e-06
50.0 -3.04e-06
50.04 -3.030291424913926e-06
50.08 -3.0206215756587226e-06
50.120000000000005 -3.0109902670173887e-06
50.160000000000004 -3.0013973148055973e-06
50.2 -2.9918425358651134e-06
50.24 -2.982325748057269e-06
50.28 -2.9728467702564847e-06
50.32 -2.963405422343829e-06
50.36 -2.954001525200637e-06
50.4 -2.9446349007021604e-06
50.44 -2.935305371711273e-06
50.480000000000004 -2.9260127620722137e-06
50.52 -2.916756896604387e-06
50.56 -2.9075376010961866e-06
50.6 -2.898354702298882e-06
50.64 -2.889208027920537e-06
50.68 -2.8800974066199814e-06
50.72 -2.871022668000813e-06
50.76 -2.861983642605453e-06
50.800000000000004 -2.8529801619092348e-06
50.84 -2.8440120583145488e-06
50.88 -2.835079165145005e-06
50.92 -2.8261813166396608e-06
50.96 -2.8173183479472732e-06
51.0 -2.808490095120603e-06
51.04 -2.7996963951107494e-06
51.08 -2.7909370857615305e-06
51.120000000000005 -2.7822120058038995e-06
51.160000000000004 -2.77352099485041e-06
51.2 -2.7648638933897014e-06
51.24 -2.7562405427810405e-06
51.28 -2.7476507852488956e-06
51.32 -2.7390944638775436e-06
51.36 -2.7305714226057226e-06
51.4 -2.7220815062213193e-06
51.44 -2.7136245603560883e-06
51.480000000000004 -2.705200431480416e-06
51.52 -2.6968089668981208e-06
51.56 -2.688450014741279e-06
51.6 -2.6801234239651e-06
51.64 -2.6718290443428284e-06
51.68 -2.6635667264606885e-06
51.72 -2.655336321712854e-06
51.76 -2.6471376822964663e-06
51.800000000000004 -2.638970661206672e-06
51.84 -2.630835112231711e-06
51.88 -2.6227308899480226e-06
51.92 -2.614657849715397e-06
51.96 -2.606615847672155e-06
52.0 -2.5986047407303667e-06
52.04 -2.5906243865710925e-06
52.08 -2.582674643639668e-06
52.120000000000005 -2.574755371141016e-06
52.160000000000004 -2.5668664290349943e-06
52.2 -2.5590076780317676e-06
52.24 -2.5511789795872195e-06
52.28 -2.5433801958983952e-06
52.32 -2.5356111898989706e-06
52.36 -2.527871825254758e-06
52.4 -2.5201619663592376e-06
52.44 -2.512481478329124e-06
52.480000000000004 -2.50483022699996e-06
52.52 -2.4972080789217466e-06
52.56 -2.489614901354589e-06
52.6 -2.48205056226439e-06
52.64 -2.4745149303185584e-06
52.68 -2.4670078748817586e-06
52.72 -2.4595292660116763e-06
52.76 -2.452078974454826e-06
52.800000000000004 -2.4446568716423767e-06
52.84 -2.4372628296860155e-06
52.88 -2.4298967213738275e-06
52.92 -2.4225584201662144e-06
52.96 -2.415247800191837e-06
53.0 -2.4079647362435826e-06
53.04 -2.4007091037745653e-06
53.08 -2.393480778894147e-06
53.120000000000005 -2.38627963836399e-06
53.160000000000004 -2.379105559594138e-06
53.2 -2.3719584206391133e-06
53.24 -2.3648381001940543e-06
53.28 -2.357744477590868e-06
53.32 -2.3506774327944153e-06
53.36 -2.3436368463987182e-06
53.4 -2.336622599623194e-06
53.44 -2.3296345743089154e-06
53.480000000000004 -2.3226726529148914e-06
53.52 -2.3157367185143846e-06
53.56 -2.3088266547912373e-06
53.6 -2.3019423460362327e-06
53.64 -2.2950836771434804e-06
53.68 -2.288250533606822e-06
53.72 -2.2814428015162624e-06
53.76 -2.274660367554426e-06
53.800000000000004 -2.2679031189930348e-06
53.84 -2.261170943689414e-06
53.88 -2.2544637300830123e-06
53.92 -2.247781367191956e-06
53.96 -2.2411237446096195e-06
54.0 -2.2344907525012185e-06
54.04 -2.2278822816004298e-06
54.08 -2.2212982232060317e-06
54.120000000000005 -2.214738469178563e-06
54.160000000000004 -2.208202911937013e-06
54.2 -2.2016914444555215e-06
54.24 -2.195203960260114e-06
54.28 -2.1887403534254452e-06
54.32 -2.182300518571575e-06
54.36 -2.1758843508607616e-06
54.4 -2.169491745994271e-06
54.44 -2.163122600209218e-06
54.480000000000004 -2.1567768102754176e-06
54.52 -2.1504542734922664e-06
54.56 -2.144154887685635e-06
54.6 -2.137878551204789e-06
54.64 -2.1316251629193264e-06
54.68 -2.125394622216135e-06
54.72 -2.119186828996372e-06
54.76 -2.1130016836724614e-06
54.800000000000004 -2.1068390871651103e-06
54.84 -2.100698940900352e-06
54.88 -2.094581146806593e-06
54.92 -2.0884856073116975e-06
54.96 -2.082412225340079e-06
55.0 -2.0763609043098148e-06
55.04 -2.070331548129779e-06
55.08 -2.0643240611967948e-06
55.120000000000005 -2.0583383483928022e-06
55.160000000000004 -2.052374315082053e-06
55.2 -2.04643186710831e-06
55.24 -2.040510910792078e-06
55.28 -2.0346113529278438e-06
55.32 -2.0287331007813383e-06
55.36 -2.022876062086818e-06
55.4 -2.0170401450443563e-06
55.44 -2.0112252583171645e-06
55.480000000000004 -2.0054313110289157e-06
55.52 -1.9996582127611024e-06
55.56 -1.9939058735503945e-06
55.6 -1.9881742038860265e-06
55.64 -1.982463114707197e-06
55.68 -1.976772517400486e-06
55.72 -1.9711023237972864e-06
55.76 -1.965452446171256e-06
55.800000000000004 -1.9598227972357816e-06
55.84 -1.954213290141467e-06
55.88 -1.948623838473626e-06
55.92 -1.9430543562497977e-06
55.96 -1.937504757917283e-06
56.0 -1.931974958350687e-06
56.04 -1.9264648728494823e-06
56.08 -1.9209744171355864e-06
56.120000000000005 -1.915503507350958e-06
56.160000000000004 -1.910052060055207e-06
56.2 -1.9046199922232125e-06
56.24 -1.8992072212427694e-06
56.28 -1.8938136649122394e-06
56.32 -1.8884392414382226e-06
56.36 -1.8830838694332409e-06
56.4 -1.8777474679134373e-06
56.44 -1.8724299562962912e-06
56.480000000000004 -1.8671312543983443e-06
56.52 -1.8618512824329484e-06
56.56 -1.8565899610080176e-06
56.6 -1.8513472111238026e-06
56.64 -1.8461229541706753e-06
56.68 -1.8409171119269305e-06
56.72 -1.835729606556597e-06
56.76 -1.8305603606072677e-06
56.800000000000004 -1.8254092970079385e-06
56.84 -1.8202763390668673e-06
56.88 -1.815161410469438e-06
56.92 -1.810064435276044e-06
56.96 -1.804985337919986e-06
57.0 -1.7999240432053767e-06
57.04 -1.7948804763050668e-06
57.08 -1.7898545627585774e-06
57.120000000000005 -1.7848462284700472e-06
57.160000000000004 -1.7798553997061974e-06
57.2 -1.774882003094301e-06
57.24 -1.769925965620171e-06
57.28 -1.76498721462616e-06
57.32 -1.7600656778091714e-06
57.36 -1.7551612832186834e-06
57.4 -1.7502739592547846e-06
57.44 -1.7454036346662256e-06
57.480000000000004 -1.7405502385484748e-06
57.52 -1.7357137003418e-06
57.56 -1.7308939498293435e-06
57.6 -1.7260909171352261e-06
57.64 -1.7213045327226534e-06
57.68 -1.7165347273920383e-06
57.72 -1.7117814322791304e-06
57.76 -1.707044578853164e-06
57.800000000000004 -1.7023240989150092e-06
57.84 -1.6976199245953457e-06
57.88 -1.6929319883528336e-06
57.92 -1.6882602229723082e-06
57.96 -1.683604561562979e-06
58.0 -1.678964937556643e-06
58.04 -1.6743412847059076e-06
58.08 -1.6697335370824246e-06
58.120000000000005 -1.6651416290751349e-06
58.160000000000004 -1.6605654953885271e-06
58.2 -1.6560050710409013e-06
58.24 -1.6514602913626472e-06
58.28 -1.6469310919945339e-06
58.32 -1.6424174088860068e-06
58.36 -1.6379191782934985e-06
58.4 -1.6334363367787464e-06
58.44 -1.6289688212071246e-06
58.480000000000004 -1.6245165687459822e-06
58.52 -1.6200795168629965e-06
58.56 -1.615657603324531e-06
58.6 -1.6112507661940062e-06
58.64 -1.6068589438302814e-06
58.68 -1.6024820748860448e-06
58.72 -1.598120098306214e-06
58.76 -1.593772953326345e-06
58.800000000000004 -1.5894405794710531e-06
58.84 -1.5851229165524446e-06
58.88 -1.580819904668552e-06
58.92 -1.5765314842017837e-06
58.96 -1.5722575958173844e-06
59.0 -1.5679981804619009e-06
59.04 -1.5637531793616583e-06
59.08 -1.5595225340212483e-06
59.120000000000005 -1.5553061862220213e-06
59.160000000000004 -1.5511040780205963e-06
59.2 -1.5469161517473683e-06
59.24 -1.5427423500050345e-06
59.28 -1.5385826156671252e-06
59.32 -1.5344368918765444e-06
59.36 -1.5303051220441183e-06
59.4 -1.5261872498471544e-06
59.44 -1.5220832192280077e-06
59.480000000000004 -1.5179929743926566e-06
59.52 -1.5139164598092872e-06
59.56 -1.5098536202068855e-06
59.6 -1.5058044005738374e-06
59.64 -1.5017687461565409e-06
59.68 -1.4977466024580218e-06
59.72 -1.4937379152365613e-06
59.76 -1.4897426305043297e-06
59.800000000000004 -1.4857606945260292e-06
59.84 -1.481792053817547e-06
59.88 -1.47783665514461e-06
59.92 -1.4738944455214562e-06
59.96 -1.4699653722095063e-06
60.0 -1.4660493827160495e-06
60.04 -1.4621464247929323e-06
60.08 -1.4582564464352592e-06
60.120000000000005 -1.4543793958800964e-06
60.160000000000004 -1.45051522160519e-06
60.2 -1.4466638723276839e-06
60.24 -1.442825297002852e-06
60.28 -1.4389994448228336e-06
60.32 -1.4351862652153804e-06
60.36 -1.4313857078426054e-06
60.4 -1.4275977225997456e-06
60.44 -1.4238222596139274e-06
60.480000000000004 -1.4200592692429396e-06
60.52 -1.4163087020740194e-06
60.56 -1.412570508922636e-06
60.6 -1.4088446408312893e-06
60.64 -1.405131049068313e-06
60.68 -1.401429685126684e-06
60.72 -1.3977405007228407e-06
60.76 -1.394063447795506e-06
60.800000000000004 -1.3903984785045193e-06
60.84 -1.3867455452296757e-06
60.88 -1.383104600569569e-06
60.92 -1.379475597340444e-06
60.96 -1.3758584885750558e-06
61.0 -1.3722532275215352e-06
61.04 -1.36865976764226e-06
61.08 -1.3650780626127342e-06
61.120000000000005 -1.361508066320472e-06
61.160000000000004 -1.3579497328638933e-06
61.2 -1.3544030165512167e-06
61.24 -1.3508678718993678e-06
61.28 -1.3473442536328896e-06
61.32 -1.3438321166828606e-06
61.36 -1.3403314161858174e-06
61.4 -1.3368421074826862e-06
61.44 -1.3333641461177191e-06
61.480000000000004 -1.3298974878374355e-06
61.52 -1.3264420885895744e-06
61.56 -1.3229979045220451e-06
61.6 -1.3195648919818912e-06
61.64 -1.3161430075142572e-06
61.68 -1.3127322078613611e-06
61.72 -1.3093324499614751e-06
61.76 -1.3059436909479084e-06
61.800000000000004 -1.3025658881480003e-06
61.84 -1.2991989990821178e-06
61.88 -1.2958429814626554e-06
61.92 -1.2924977931930459e-06
61.96 -1.289163392366774e-06
62.0 -1.2858397372663968e-06
62.04 -1.2825267863625688e-06
62.08 -1.2792244983130745e-06
62.120000000000005 -1.275932831961863e-06
62.160000000000004 -1.2726517463380942e-06
62.2 -1.2693812006551832e-06
62.24 -1.266121154309856e-06
62.28 -1.2628715668812078e-06
62.32 -1.2596323981297675e-06
62.36 -1.2564036079965684e-06
62.4 -1.2531851566022216e-06
62.440000000000005 -1.2499770042459986e-06
62.480000000000004 -1.2467791114049167e-06
62.52 -1.2435914387328287e-06
62.56 -1.2404139470595207e-06
62.6 -1.2372465973898125e-06
62.64 -1.234089350902666e-06
62.68 -1.2309421689502947e-06
62.72 -1.227805013057283e-06
62.76 -1.224677844919706e-06
62.800000000000004 -1.2215606264042575e-06
62.84 -1.2184533195473834e-06
62.88 -1.2153558865544158e-06
62.92 -1.2122682897987166e-06
62.96 -1.2091904918208242e-06
63.0 -1.2061224553276048e-06
63.04 -1.203064143191409e-06
63.08 -1.2000155184492332e-06
63.120000000000005 -1.1969765443018853e-06
63.160000000000004 -1.1939471841131574e-06
63.2 -1.190927401408998e-06
63.24 -1.1879171598766954e-06
63.28 -1.1849164233640599e-06
63.32 -1.181925155878616e-06
63.36 -1.1789433215867948e-06
63.4 -1.1759708848131329e-06
63.440000000000005 -1.1730078100394757e-06
63.480000000000004 -1.1700540619041873e-06
63.52 -1.167109605201358e-06
63.56 -1.1641744048800256e-06
63.6 -1.1612484260433942e-06
63.64 -1.1583316339480605e-06
63.68 -1.1554239940032433e-06
63.72 -1.152525471770018e-06
63.76 -1.1496360329605549e-06
63.800000000000004 -1.1467556434373626e-06
63.84 -1.1438842692125354e-06
63.88 -1.1410218764470031e-06
63.92 -1.138168431449788e-06
63.96 -1.1353239006772643e-06
64.0 -1.1324882507324219e-06
64.04 -1.1296614483641343e-06
64.08 -1.1268434604664323e-06
64.12 -1.1240342540777768e-06
64.16 -1.121233796380344e-06
64.2 -1.1184420546993037e-06
64.24 -1.1156589965021153e-06
64.28 -1.1128845893978106e-06
64.32000000000001 -1.1101188011363002e-06
64.36 -1.1073615996076669e-06
64.4 -1.10461295284147e-06
64.44 -1.1018728290060592e-06
64.48 -1.0991411964078774e-06
64.52 -1.096418023490786e-06
64.56 -1.0937032788353757e-06
64.6 -1.0909969311582984e-06
64.64 -1.0882989493115848e-06
64.68 -1.085609302281984e-06
64.72 -1.0829279591902941e-06
64.76 -1.0802548892906975e-06
64.8 -1.0775900619701095e-06
64.84 -1.074933446747517e-06
64.88 -1.0722850132733342e-06
64.92 -1.0696447313287492e-06
64.96000000000001 -1.0670125708250848e-06
65.0 -1.0643885018031582e-06
65.04 -1.0617724944326396e-06
65.08 -1.0591645190114268e-06
65.12 -1.056564545965008e-06
65.16 -1.053972545845843e-06
65.2 -1.0513884893327339e-06
65.24 -1.048812347230212e-06
65.28 -1.0462440904679161e-06
65.32000000000001 -1.0436836900999857e-06
65.36 -1.0411311173044499e-06
65.4 -1.0385863433826181e-06
65.44 -1.0360493397584852e-06
65.48 -1.0335200779781247e-06
65.52 -1.0309985297091e-06
65.56 -1.0284846667398658e-06
65.6 -1.0259784609791845e-06
65.64 -1.0234798844555344e-06
65.68 -1.020988909316533e-06
65.72 -1.0185055078283542e-06
65.76 -1.01602965237515e-06
65.8 -1.0135613154584817e-06
65.84 -1.0111004696967463e-06
65.88 -1.0086470878246124e-06
65.92 -1.0062011426924519e-06
65.96000000000001 -1.0037626072657846e-06
66.0 -1.001331454624718e-06
66.04 -9.989076579633886e-07
66.08 -9.964911905894192e-07
66.12 -9.9408202592336e-07
66.16 -9.916801374981522e-07
66.2 -9.892854989585763e-07
66.24 -9.868980840607211e-07
66.28 -9.84517866671439e-07
66.32000000000001 -9.82144820767818e-07
66.36 -9.79778920436648e-07
66.4 -9.774201398738903e-07
66.44 -9.75068453384158e-07
66.48 -9.72723835380187e-07
66.52 -9.70386260382323e-07
66.56 -9.68055703017997e-07
66.6 -9.6573213802122e-07
66.64 -9.634155402320625e-07
66.68 -9.611058845961534e-07
66.72 -9.58803146164172e-07
66.76 -9.565073000913403e-07
66.8 -9.542183216369317e-07
66.84 -9.519361861637629e-07
66.88 -9.496608691377092e-07
66.92 -9.473923461272025e-07
66.96000000000001 -9.451305928027496e-07
67.0 -9.42875584936441e-07
67.04 -9.406272984014654e-07
67.08 -9.383857091716328e-07
67.12 -9.361507933208883e-07
67.16 -9.339225270228432e-07
67.2 -9.317008865502927e-07
67.24 -9.29485848274752e-07
67.28 -9.272773886659807e-07
67.32000000000001 -9.250754842915213e-07
67.36 -9.228801118162321e-07
67.4 -9.206912480018252e-07
67.44 -9.185088697064106e-07
67.48 -9.163329538840351e-07
67.52 -9.141634775842327e-07
67.56 -9.120004179515678e-07
67.6 -9.098437522251908e-07
67.64 -9.076934577383858e-07
67.68 -9.055495119181309e-07
67.72 -9.034118922846534e-07
67.76 -9.012805764509877e-07
67.8 -8.99155542122543e-07
67.84 -8.970367670966618e-07
67.88 -8.949242292621933e-07
67.92 -8.92817906599056e-07
67.96000000000001 -8.90717777177815e-07
68.0 -8.886238191592534e-07
68.04 -8.865360107939461e-07
68.08 -8.844543304218432e-07
68.12 -8.82378756471845e-07
68.16 -8.803092674613905e-07
68.2 -8.782458419960362e-07
68.24 -8.761884587690492e-07
68.28 -8.741370965609909e-07
68.32000000000001 -8.720917342393133e-07
68.36 -8.70052350757951e-07
68.4 -8.680189251569136e-07
68.44 -8.6599143656189e-07
68.48 -8.639698641838418e-07
68.52 -8.619541873186111e-07
68.56 -8.599443853465199e-07
68.60000000000001 -8.579404377319801e-07
68.64 -8.559423240231005e-07
68.68 -8.539500238512948e-07
68.72 -8.519635169308988e-07
68.76 -8.499827830587798e-07
68.8 -8.480078021139576e-07
68.84 -8.460385540572188e-07
68.88 -8.440750189307412e-07
68.92 -8.421171768577123e-07
68.96000000000001 -8.401650080419574e-07
69.0 -8.382184927675641e-07
69.04 -8.362776113985089e-07
69.08 -8.343423443782924e-07
69.12 -8.324126722295649e-07
69.16 -8.30488575553767e-07
69.2 -8.285700350307604e-07
69.24 -8.266570314184696e-07
69.28 -8.24749545552518e-07
69.32000000000001 -8.22847558345873e-07
69.36 -8.209510507884885e-07
69.4 -8.190600039469475e-07
69.44 -8.171743989641137e-07
69.48 -8.152942170587762e-07
69.52 -8.134194395253047e-07
69.56 -8.115500477332971e-07
69.60000000000001 -8.096860231272387e-07
69.64 -8.078273472261561e-07
69.68 -8.059740016232738e-07
69.72 -8.041259679856772e-07
69.76 -8.02283228053971e-07
69.8 -8.004457636419454e-07
69.84 -7.986135566362372e-07
69.88 -7.967865889960014e-07
69.92 -7.949648427525741e-07
69.96000000000001 -7.931483000091482e-07
70.0 -7.913369429404415e-07
70.04 -7.895307537923698e-07
70.08 -7.877297148817257e-07
70.12 -7.859338085958509e-07
70.16 -7.841430173923195e-07
70.2 -7.823573237986128e-07
70.24 -7.805767104118066e-07
70.28 -7.788011598982493e-07
70.32000000000001 -7.770306549932512e-07
70.36 -7.752651785007699e-07
70.4 -7.735047132930958e-07
70.44 -7.717492423105468e-07
70.48 -7.699987485611546e-07
70.52 -7.682532151203629e-07
70.56 -7.665126251307162e-07
70.60000000000001 -7.647769618015616e-07
70.64 -7.63046208408743e-07
70.68 -7.613203482942998e-07
70.72 -7.59599364866171e-07
70.76 -7.578832415978932e-07
70.8 -7.561719620283088e-07
70.84 -7.544655097612666e-07
70.88 -7.52763868465333e-07
70.92 -7.510670218734964e-07
70.96000000000001 -7.4937495378288e-07
71.0 -7.476876480544518e-07
71.04 -7.460050886127354e-07
71.08 -7.44327259445528e-07
71.12 -7.426541446036119e-07
71.16 -7.40985728200475e-07
71.2 -7.393219944120261e-07
71.24 -7.37662927476318e-07
71.28 -7.360085116932648e-07
71.32000000000001 -7.343587314243689e-07
71.36 -7.327135710924423e-07
71.4 -7.310730151813313e-07
71.44 -7.294370482356471e-07
71.48 -7.278056548604891e-07
71.52 -7.261788197211796e-07
71.56 -7.245565275429894e-07
71.60000000000001 -7.229387631108749e-07
71.64 -7.213255112692096e-07
71.68 -7.197167569215173e-07
71.72 -7.181124850302124e-07
71.76 -7.165126806163336e-07
71.8 -7.149173287592858e-07
71.84 -7.133264145965781e-07
71.88 -7.117399233235677e-07
71.92 -7.101578401931993e-07
71.96000000000001 -7.085801505157533e-07
72.0 -7.070068396585887e-07
72.04 -7.054378930458889e-07
72.08 -7.038732961584134e-07
72.12 -7.02313034533242e-07
72.16 -7.0075709376353e-07
72.2 -6.992054594982557e-07
72.24 -6.976581174419776e-07
72.28 -6.961150533545836e-07
72.32000000000001 -6.945762530510516e-07
72.36 -6.930417024012022e-07
72.4 -6.915113873294573e-07
72.44 -6.899852938146013e-07
72.48 -6.884634078895376e-07
72.52 -6.869457156410541e-07
72.56 -6.854322032095814e-07
72.60000000000001 -6.839228567889607e-07
72.64 -6.824176626262065e-07
72.68 -6.809166070212717e-07
72.72 -6.794196763268178e-07
72.76 -6.779268569479801e-07
72.8 -6.764381353421406e-07
72.84 -6.749534980186944e-07
72.88 -6.734729315388265e-07
72.92 -6.719964225152797e-07
72.96000000000001 -6.70523957612133e-07
73.0 -6.690555235445744e-07
73.04 -6.675911070786766e-07
73.08 -6.661306950311767e-07
73.12 -6.646742742692519e-07
73.16 -6.632218317103023e-07
73.2 -6.617733543217279e-07
73.24 -6.603288291207138e-07
73.28 -6.588882431740093e-07
73.32000000000001 -6.574515835977159e-07
73.36 -6.560188375570692e-07
73.4 -6.54589992266225e-07
73.44 -6.531650349880483e-07
73.48 -6.517439530338988e-07
73.52 -6.503267337634229e-07
73.56 -6.489133645843403e-07
73.60000000000001 -6.475038329522386e-07
73.64 -6.460981263703639e-07
73.68 -6.446962323894124e-07
73.72 -6.432981386073284e-07
73.76 -6.419038326690952e-07
73.8 -6.405133022665354e-07
73.84 -6.391265351381039e-07
73.88 -6.377435190686907e-07
73.92 -6.363642418894152e-07
73.96000000000001 -6.349886914774303e-07
74.0 -6.336168557557222e-07
74.04 -6.322487226929103e-07
74.08 -6.308842803030546e-07
74.12 -6.29523516645455e-07
74.16 -6.281664198244604e-07
74.2 -6.268129779892707e-07
74.24 -6.254631793337477e-07
74.28 -6.241170120962188e-07
74.32000000000001 -6.227744645592888e-07
74.36 -6.214355250496486e-07
74.4 -6.20100181937884e-07
74.44 -6.187684236382906e-07
74.48 -6.174402386086822e-07
74.52 -6.161156153502078e-07
74.56 -6.147945424071626e-07
74.60000000000001 -6.134770083668055e-07
74.64 -6.121630018591741e-07
74.68 -6.108525115569005e-07
74.72 -6.095455261750314e-07
74.76 -6.082420344708437e-07
74.8 -6.069420252436674e-07
74.84 -6.056454873347024e-07
74.88 -6.043524096268432e-07
74.92 -6.030627810444971e-07
74.96000000000001 -6.017765905534112e-07
75.0 -6.004938271604939e-07
75.04 -5.992144799136381e-07
75.08 -5.979385379015508e-07
75.12 -5.966659902535746e-07
75.16 -5.953968261395193e-07
75.2 -5.941310347694859e-07
75.24 -5.928686053936987e-07
75.28 -5.916095273023317e-07
75.32000000000001 -5.903537898253422e-07
75.36 -5.891013823323003e-07
75.4 -5.878522942322197e-07
75.44 -5.866065149733937e-07
75.48 -5.853640340432254e-07
75.52 -5.841248409680654e-07
75.56 -5.828889253130435e-07
75.60000000000001 -5.816562766819079e-07
75.64 -5.804268847168604e-07
75.68 -5.79200739098393e-07
75.72 -5.779778295451288e-07
75.76 -5.76758145813658e-07
75.8 -5.75541677698381e-07
75.84 -5.743284150313455e-07
75.88 -5.731183476820915e-07
75.92 -5.719114655574896e-07
75.96000000000001 -5.707077586015873e-07
76.0 -5.695072167954512e-07
76.04 -5.683098301570097e-07
76.08 -5.671155887409014e-07
76.12 -5.659244826383172e-07
76.16 -5.64736501976851e-07
76.2 -5.635516369203427e-07
76.24 -5.623698776687298e-07
76.28 -5.611912144578925e-07
76.32000000000001 -5.600156375595072e-07
76.36 -5.588431372808935e-07
76.4 -5.576737039648654e-07
76.44 -5.56507327989585e-07
76.48 -5.553439997684113e-07
76.52 -5.54183709749757e-07
76.56 -5.53026448416938e-07
76.60000000000001 -5.518722062880314e-07
76.64 -5.507209739157285e-07
76.68 -5.495727418871899e-07
76.72 -5.484275008239045e-07
76.76 -5.472852413815426e-07
76.8 -5.461459542498176e-07
76.84 -5.450096301523416e-07
76.88 -5.438762598464857e-07
76.92 -5.427458341232386e-07
76.96000000000001 -5.416183438070684e-07
77.0 -5.404937797557828e-07
77.04 -5.393721328603895e-07
77.08 -5.382533940449614e-07
77.12 -5.371375542664961e-07
77.16 -5.360246045147829e-07
77.2 -5.349145358122631e-07
77.24 -5.338073392138992e-07
77.28 -5.327030058070363e-07
77.32000000000001 -5.316015267112709e-07
77.36 -5.305028930783168e-07
77.4 -5.294070960918714e-07
77.44 -5.283141269674859e-07
77.48 -5.272239769524307e-07
77.52 -5.261366373255681e-07
77.56 -5.250520993972189e-07
77.60000000000001 -5.239703545090349e-07
77.64 -5.228913940338699e-07
77.68 -5.218152093756482e-07
77.72 -5.207417919692418e-07
77.76 -5.19671133280338e-07
77.8 -5.186032248053173e-07
77.84 -5.17538058071123e-07
77.88 -5.164756246351403e-07
77.92 -5.154159160850667e-07
77.96000000000001 -5.143589240387913e-07
78.0 -5.1330464014427e-07
78.04 -5.122530560794004e-07
78.08 -5.112041635519026e-07
78.12 -5.101579542991936e-07
78.16 -5.091144200882691e-07
78.2 -5.080735527155796e-07
78.24 -5.070353440069128e-07
78.28 -5.059997858172707e-07
78.32000000000001 -5.049668700307534e-07
78.36 -5.039365885604385e-07
78.4 -5.029089333482629e-07
78.44 -5.018838963649065e-07
78.48 -5.008614696096732e-07
78.52 -4.998416451103763e-07
78.56 -4.988244149232206e-07
78.60000000000001 -4.978097711326886e-07
78.64 -4.967977058514247e-07
78.68 -4.957882112201197e-07
78.72 -4.947812794073997e-07
78.76 -4.93776902609709e-07
78.8 -4.927750730512011e-07
78.84 -4.917757829836225e-07
78.88 -4.907790246862045e-07
78.92 -4.897847904655484e-07
78.96000000000001 -4.887930726555176e-07
79.0 -4.878038636171257e-07
79.04 -4.868171557384262e-07
79.08 -4.858329414344052e-07
79.12 -4.848512131468698e-07
79.16 -4.838719633443425e-07
79.2 -4.82895184521951e-07
79.24 -4.819208692013232e-07
79.28 -4.809490099304775e-07
79.32000000000001 -4.799795992837189e-07
79.36 -4.790126298615325e-07
79.4 -4.780480942904762e-07
79.44 -4.770859852230789e-07
79.48 -4.7612629533773313e-07
79.52 -4.751690173385932e-07
79.56 -4.742141439554696e-07
79.60000000000001 -4.732616679437282e-07
79.64 -4.723115820841865e-07
79.68 -4.713638791830103e-07
79.72 -4.704185520716149e-07
79.76 -4.6947559360656045e-07
79.8 -4.6853499666945465e-07
79.84 -4.6759675416684925e-07
79.88 -4.666608590301432e-07
79.92 -4.6572730421548004e-07
79.96000000000001 -4.6479608270365204e-07
80.0 -4.638671875e-07
80.04 -4.6294061163431453e-07
80.08 -4.620163481607407e-07
80.12 -4.610943901576782e-07
80.16 -4.601747307276869e-07
80.2 -4.592573629973887e-07
80.24 -4.5834228011737333e-07
80.28 -4.574294752621008e-07
80.32000000000001 -4.565189416298085e-07
80.36 -4.556106724424158e-07
80.4 -4.5470466094542856e-07
80.44 -4.5380090040784794e-07
80.48 -4.5289938412207426e-07
80.52 -4.520001054038168e-07
80.56 -4.511030575919985e-07
80.60000000000001 -4.5020823404866644e-07
80.64 -4.493156281588989e-07
80.68 -4.484252333307133e-07
80.72 -4.475370429949774e-07
80.76 -4.466510506053163e-07
80.8 -4.457672496380252e-07
80.84 -4.4488563359197676e-07
80.88 -4.440061959885347e-07
80.92 -4.4312893037146234e-07
80.96000000000001 -4.422538303068361e-07
81.0 -4.413808893829567e-07
81.04 -4.4051010121026064e-07
81.08 -4.3964145942123476e-07
81.12 -4.387749576703271e-07
81.16 -4.3791058963386265e-07
81.2 -4.370483490099549e-07
81.24 -4.3618822951842246e-07
81.28 -4.353302249007012e-07
81.32000000000001 -4.344743289197615e-07
81.36 -4.336205353600226e-07
81.4 -4.3276883802726726e-07
81.44 -4.319192307485604e-07
81.48 -4.3107170737216294e-07
81.52 -4.30226261767451e-07
81.56 -4.2938288782483077e-07
81.60000000000001 -4.2854157945565826e-07
81.64 -4.2770233059215637e-07
81.68 -4.26865135187332e-07
81.72 -4.2602998721489746e-07
81.76 -4.251968806691862e-07
81.8 -4.2436580956507556e-07
81.84 -4.2353676793790324e-07
81.88 -4.227097498433904e-07
81.92 -4.218847493575595e-07
81.96000000000001 -4.210617605766569e-07
82.0 -4.202407776170738e-07
82.04 -4.19421794615266e-07
82.08 -4.186048057276784e-07
82.12 -4.177898051306647e-07
82.16 -4.1697678702041197e-07
82.2 -4.161657456128614e-07
82.24 -4.1535667514363396e-07
82.28 -4.1454956986795116e-07
82.32000000000001 -4.137444240605615e-07
82.36 -4.1294123201566313e-07
82.4 -4.1213998804682826e-07
82.44 -4.1134068648692925e-07
82.48 -4.1054332168806217e-07
82.52 -4.097478880214742e-07
82.56 -4.0895437987748714e-07
82.60000000000001 -4.081627916654259e-07
82.64 -4.073731178135438e-07
82.68 -4.065853527689486e-07
82.72 -4.0579949099753153e-07
82.76 -4.050155269838929e-07
82.8 -4.0423345523127133e-07
82.84 -4.0345327026147016e-07
82.88 -4.026749666147878e-07
82.92 -4.018985388499444e-07
82.96000000000001 -4.0112398154401244e-07
83.0 -4.003512892923456e-07
83.04 -3.9958045670850706e-07
83.08 -3.9881147842420185e-07
83.12 -3.980443490892044e-07
83.16 -3.9727906337129177e-07
83.2 -3.965156159561716e-07
83.24 -3.9575400154741605e-07
83.28 -3.9499421486639067e-07
83.32000000000001 -3.9423625065218807e-07
83.36 -3.9348010366155915e-07
83.4 -3.927257686688447e-07
83.44 -3.9197324046590945e-07
83.48 -3.9122251386207344e-07
83.52 -3.904735836840467e-07
83.56 -3.8972644477586106e-07
83.60000000000001 -3.889810919988054e-07
83.64 -3.882375202313591e-07
83.68 -3.874957243691255e-07
83.72 -3.867556993247683e-07
83.76 -3.8601744002794414e-07
83.8 -3.852809414252405e-07
83.84 -3.8454619848010813e-07
83.88 -3.838132061727997e-07
83.92 -3.83081959500303e-07
83.96000000000001 -3.823524534762795e-07
84.0 -3.8162468313099994e-07
84.04 -3.8089864351128023e-07
84.08 -3.8017432968042054e-07
84.12 -3.794517367181404e-07
84.16 -3.7873085972051857e-07
84.2 -3.7801169379992863e-07
84.24 -3.7729423408497934e-07
84.28 -3.7657847572045094e-07
84.32000000000001 -3.7586441386723553e-07
84.36 -3.751520437022755e-07
84.4 -3.7444136041850153e-07
84.44 -3.737323592247743e-07
84.48 -3.7302503534582173e-07
84.52 -3.723193840221812e-07
84.56 -3.7161540051013785e-07
84.60000000000001 -3.7091308008166645e-07
84.64 -3.702124180243718e-07
84.68 -3.695134096414287e-07
84.72 -3.6881605025152485e-07
84.76 -3.6812033518880077e-07
84.8 -3.674262598027928e-07
84.84 -3.667338194583739e-07
84.88 -3.6604300953569717e-07
84.92 -3.6535382543013675e-07
84.96000000000001 -3.6466626255223207e-07
85.0 -3.6398031632763016e-07
85.04 -3.6329598219702803e-07
85.08 -3.6261325561611794e-07
85.12 -3.619321320555288e-07
85.16 -3.6125260700077235e-07
85.2 -3.6057467595218544e-07
85.24 -3.598983344248759e-07
85.28 -3.5922357794866564e-07
85.32000000000001 -3.5855040206803704e-07
85.36 -3.5787880234207724e-07
85.4 -3.572087743444228e-07
85.44 -3.565403136632071e-07
85.48 -3.5587341590100374e-07
85.52 -3.5520807667477495e-07
85.56 -3.5454429161581566e-07
85.60000000000001 -3.538820563697015e-07
85.64 -3.532213665962351e-07
85.68 -3.52562217969392e-07
85.72 -3.5190460617726965e-07
85.76 -3.512485269220325e-07
85.8 -3.5059397591986204e-07
85.84 -3.499409489009021e-07
85.88 -3.492894416092091e-07
85.92 -3.486394498026983e-07
85.96000000000001 -3.479909692530939e-07
86.0 -3.47343995745877e-07
86.04 -3.4669852508023366e-07
86.08 -3.460545530690057e-07
86.12 -3.4541207553863823e-07
86.16 -3.4477108832913097e-07
86.2 -3.4413158729398585e-07
86.24 -3.4349356830015924e-07
86.28 -3.428570272280099e-07
86.32000000000001 -3.422219599712511e-07
86.36 -3.415883624369004e-07
86.4 -3.4095623054522975e-07
86.44 -3.4032556022971816e-07
86.48 -3.396963474370008e-07
86.52 -3.390685881268224e-07
86.56 -3.38442278271987e-07
86.60000000000001 -3.378174138583112e-07
86.64 -3.3719399088457555e-07
86.68 -3.3657200536247586e-07
86.72 -3.3595145331657747e-07
86.76 -3.3533233078426585e-07
86.8 -3.3471463381570097e-07
86.84 -3.3409835847376885e-07
86.88 -3.334835008340363e-07
86.92 -3.3287005698470236e-07
86.96000000000001 -3.3225802302655354e-07
87.0 -3.316473950729171e-07
87.04 -3.31038169249614e-07
87.08 -3.304303416949145e-07
87.12 -3.2982390855949116e-07
87.16 -3.2921886600637455e-07
87.2 -3.286152102109066e-07
87.24 -3.280129373606969e-07
87.28 -3.274120436555763e-07
87.32000000000001 -3.2681252530755353e-07
87.36 -3.262143785407699e-07
87.4 -3.2561759959145436e-07
87.44 -3.250221847078808e-07
87.48 -3.244281301503223e-07
87.52 -3.2383543219100897e-07
87.56 -3.232440871140826e-07
87.60000000000001 -3.226540912155547e-07
87.64 -3.2206544080326236e-07
87.68 -3.214781321968247e-07
87.72 -3.2089216172760153e-07
87.76 -3.203075257386483e-07
87.8 -3.1972422058467594e-07
87.84 -3.191422426320061e-07
87.88 -3.1856158825853114e-07
87.92 -3.1798225385366973e-07
87.96000000000001 -3.174042358183271e-07
88.0 -3.168275305648521e-07
88.04 -3.1625213451699545e-07
88.08 -3.156780441098694e-07
88.12 -3.1510525578990514e-07
88.16 -3.1453376601481334e-07
88.2 -3.139635712535414e-07
88.24 -3.133946679862347e-07
88.28 -3.1282705270419416e-07
88.32000000000001 -3.1226072190983736e-07
88.36 -3.1169567211665765e-07
88.4 -3.111318998491835e-07
88.44 -3.105694016429402e-07
88.48 -3.100081740444081e-07
88.52 -3.0944821361098497e-07
88.56 -3.088895169109448e-07
88.60000000000001 -3.083320805234002e-07
88.64 -3.0777590103826236e-07
88.68 -3.072209750562017e-07
88.72 -3.066672991886105e-07
88.76 -3.0611487005756263e-07
88.8 -3.0556368429577656e-07
88.84 -3.050137385465757e-07
88.88 -3.044650294638517e-07
88.92 -3.0391755371202474e-07
88.96000000000001 -3.033713079660074e-07
89.0 -3.0282628891116594e-07
89.04 -3.022824932432825e-07
89.08 -3.0173991766851897e-07
89.12 -3.0119855890337814e-07
89.16 -3.006584136746682e-07
89.2 -3.001194787194643e-07
89.24 -2.9958175078507316e-07
89.28 -2.990452266289951e-07
89.32000000000001 -2.985099030188886e-07
89.36 -2.979757767325337e-07
89.4 -2.97442844557795e-07
89.44 -2.9691110329258695e-07
89.48 -2.963805497448365e-07
89.52 -2.958511807324488e-07
89.56 -2.953229930832701e-07
89.60000000000001 -2.947959836350535e-07
89.64 -2.9427014923542313e-07
89.68 -2.9374548674183837e-07
89.72 -2.9322199302156006e-07
89.76 -2.926996649516142e-07
89.8 -2.921784994187585e-07
89.84 -2.9165849331944634e-07
89.88 -2.911396435597939e-07
89.92 -2.9062194705554393e-07
89.96000000000001 -2.9010540073203323e-07
90.0 -2.895900015241579e-07
90.04 -2.890757463763386e-07
90.08 -2.885626322424883e-07
90.12 -2.8805065608597706e-07
90.16 -2.8753981487959983e-07
90.2 -2.870301056055418e-07
90.24 -2.865215252553463e-07
90.28 -2.860140708298805e-07
90.32000000000001 -2.8550773933930337e-07
90.36 -2.8500252780303253e-07
90.4 -2.8449843324971073e-07
90.44 -2.839954527171746e-07
90.48 -2.834935832524208e-07
90.52 -2.829928219115747e-07
90.56 -2.8249316575985756e-07
90.60000000000001 -2.819946118715546e-07
90.64 -2.8149715732998316e-07
90.68 -2.810007992274603e-07
90.72 -2.805055346652721e-07
90.76 -2.8001136075364067e-07
90.8 -2.795182746116942e-07
90.84 -2.790262733674343e-07
90.88 -2.7853535415770556e-07
90.92 -2.7804551412816414e-07
90.96000000000001 -2.775567504332469e-07
91.0 -2.770690602361407e-07
91.04 -2.7658244070875097e-07
91.08 -2.7609688903167224e-07
91.12 -2.7561240239415624e-07
91.16 -2.7512897799408316e-07
91.2 -2.7464661303792975e-07
91.24 -2.741653047407406e-07
91.28 -2.736850503260969e-07
91.32000000000001 -2.7320584702608763e-07
91.36 -2.7272769208127924e-07
91.4 -2.722505827406856e-07
91.44 -2.7177451626173946e-07
91.48 -2.712994899102619e-07
91.52 -2.7082550096043423e-07
91.56 -2.7035254669476735e-07
91.60000000000001 -2.698806244040741e-07
91.64 -2.694097313874397e-07
91.68 -2.6893986495219204e-07
91.72 -2.684710224138746e-07
91.76 -2.6800320109621647e-07
91.8 -2.6753639833110463e-07
91.84 -2.6707061145855475e-07
91.88 -2.666058378266841e-07
91.92 -2.661420747916819e-07
91.96000000000001 -2.6567931971778255e-07
92.0 -2.6521756997723706e-07
92.04 -2.6475682295028484e-07
92.08 -2.642970760251269e-07
92.12 -2.638383265978971e-07
92.16 -2.6338057207263586e-07
92.2 -2.6292380986126143e-07
92.24 -2.6246803738354384e-07
92.28 -2.620132520670764e-07
92.32000000000001 -2.6155945134725e-07
92.36 -2.6110663266722495e-07
92.4 -2.606547934779044e-07
92.44 -2.6020393123790824e-07
92.48 -2.5975404341354513e-07
92.52 -2.5930512747878745e-07
92.56 -2.588571809152432e-07
92.60000000000001 -2.584102012121311e-07
92.64 -2.5796418586625345e-07
92.68 -2.5751913238197006e-07
92.72 -2.570750382711726e-07
92.76 -2.5663190105325783e-07
92.8 -2.56189718255103e-07
92.84 -2.557484874110386e-07
92.88 -2.55308206062824e-07
92.92 -2.548688717596207e-07
92.96000000000001 -2.544304820579681e-07
93.0 -2.539930345217574e-07
93.04 -2.535565267222059e-07
93.08 -2.531209562378332e-07
93.12 -2.526863206544344e-07
93.16 -2.5225261756505686e-07
93.2 -2.5181984456997377e-07
93.24 -2.5138799927666073e-07
93.28 -2.5095707929976963e-07
93.32000000000001 -2.5052708226110554e-07
93.36 -2.5009800578960127e-07
93.4 -2.496698475212928e-07
93.44 -2.4924260509929603e-07
93.48 -2.488162761737812e-07
93.52 -2.483908584019501e-07
93.56 -2.479663494480108e-07
93.60000000000001 -2.4754274698315476e-07
93.64 -2.471200486855324e-07
93.68 -2.4669825224022925e-07
93.72 -2.462773553392429e-07
93.76 -2.4585735568145843e-07
93.8 -2.454382509726263e-07
93.84 -2.450200389253374e-07
93.88 -2.4460271725900125e-07
93.92 -2.4418628369982136e-07
93.96000000000001 -2.437707359807734e-07
94.0 -2.4335607184158146e-07
94.04 -2.429422890286947e-07
94.08 -2.425293852952657e-07
94.12 -2.421173584011265e-07
94.16 -2.417062061127667e-07
94.2 -2.4129592620331016e-07
94.24 -2.408865164524934e-07
94.28 -2.404779746466422e-07
94.32000000000001 -2.4007029857865e-07
94.36 -2.396634860479554e-07
94.4 -2.392575348605195e-07
94.44 -2.3885244282880487e-07
94.48 -2.3844820777175223e-07
94.52 -2.3804482751476e-07
94.56 -2.37642299889661e-07
94.60000000000001 -2.372406227347018e-07
94.64 -2.3683979389452062e-07
94.68 -2.3643981122012551e-07
94.72 -2.3604067256887338e-07
94.76 -2.3564237580444797e-07
94.8 -2.352449187968392e-07
94.84 -2.348482994223211e-07
94.88 -2.3445251556343152e-07
94.92 -2.3405756510895012e-07
94.96000000000001 -2.3366344595387802e-07
95.0 -2.3327015599941682e-07
95.04 -2.3287769315294705e-07
95.08 -2.324860553280084e-07
95.12 -2.3209524044427803e-07
95.16 -2.3170524642755088e-07
95.2 -2.3131607120971818e-07
95.24 -2.3092771272874784e-07
95.28 -2.3054016892866336e-07
95.32000000000001 -2.3015343775952397e-07
95.36 -2.2976751717740442e-07
95.4 -2.2938240514437414e-07
95.44 -2.289980996284782e-07
95.48 -2.286145986037162e-07
95.52 -2.2823190005002342e-07
95.56 -2.278500019532498e-07
95.60000000000001 -2.2746890230514126e-07
95.64 -2.2708859910331947e-07
95.68 -2.267090903512618e-07
95.72 -2.2633037405828267e-07
95.76 -2.2595244823951315e-07
95.8 -2.2557531091588243e-07
95.84 -2.251989601140975e-07
95.88 -2.2482339386662484e-07
95.92 -2.244486102116704e-07
95.96000000000001 -2.2407460719316097e-07
96.0 -2.237013828607253e-07
96.04 -2.233289352696742e-07
96.08 -2.2295726248098276e-07
96.12 -2.225863625612705e-07
96.16 -2.222162335827837e-07
96.2 -2.2184687362337525e-07
96.24000000000001 -2.2147828076648758e-07
96.28 -2.2111045310113306e-07
96.32000000000001 -2.2074338872187558e-07
96.36 -2.203770857288128e-07
96.4 -2.2001154222755684e-07
96.44 -2.1964675632921693e-07
96.48 -2.1928272615038033e-07
96.52 -2.1891944981309505e-07
96.56 -2.1855692544485086e-07
96.60000000000001 -2.18195151178562e-07
96.64 -2.1783412515254907e-07
96.68 -2.1747384551052055e-07
96.72 -2.1711431040155607e-07
96.76 -2.1675551798008743e-07
96.8 -2.1639746640588223e-07
96.84 -2.1604015384402484e-07
96.88 -2.156835784649002e-07
96.92 -2.153277384441752e-07
96.96000000000001 -2.149726319627821e-07
97.0 -2.1461825720690085e-07
97.04 -2.1426461236794136e-07
97.08 -2.1391169564252721e-07
97.12 -2.135595052324775e-07
97.16 -2.1320803934479066e-07
97.2 -2.1285729619162646e-07
97.24000000000001 -2.1250727399028996e-07
97.28 -2.1215797096321406e-07
97.32000000000001 -2.1180938533794244e-07
97.36 -2.1146151534711368e-07
97.4 -2.1111435922844328e-07
97.44 -2.1076791522470824e-07
97.48 -2.1042218158372942e-07
97.52 -2.100771565583558e-07
97.56 -2.097328384064474e-07
97.60000000000001 -2.0938922539085916e-07
97.64 -2.0904631577942485e-07
97.68 -2.0870410784493983e-07
97.72 -2.083625998651461e-07
97.76 -2.0802179012271484e-07
97.8 -2.0768167690523145e-07
97.84 -2.0734225850517843e-07
97.88 -2.070035332199204e-07
97.92 -2.0666549935168712e-07
97.96000000000001 -2.0632815520755854e-07
98.0 -2.0599149909944854e-07
98.04 -2.056555293440888e-07
98.08 -2.05320244263014e-07
98.12 -2.0498564218254508e-07
98.16 -2.0465172143377488e-07
98.2 -2.043184803525512e-07
98.24000000000001 -2.0398591727946253e-07
98.28 -2.0365403055982216e-07
98.32000000000001 -2.0332281854365246e-07
98.36 -2.0299227958567027e-07
98.4 -2.0266241204527087e-07
98.44 -2.0233321428651366e-07
98.48 -2.0200468467810605e-07
98.52 -2.0167682159338935e-07
98.56 -2.0134962341032277e-07
98.60000000000001 -2.0102308851146924e-07
98.64 -2.0069721528398026e-07
98.68 -2.0037200211958043e-07
98.72 -2.0004744741455372e-07
98.76 -1.9972354956972765e-07
98.8 -1.9940030699045947e-07
98.84 -1.9907771808662062e-07
98.88 -1.9875578127258315e-07
98.92 -1.9843449496720406e-07
98.96000000000001 -1.9811385759381174e-07
99.0 -1.9779386758019118e-07
99.04 -1.974745233585692e-07
99.08 -1.9715582336560085e-07
99.12 -1.9683776604235438e-07
99.16 -1.9652034983429776e-07
99.2 -1.9620357319128366e-07
99.24000000000001 -1.958874345675361e-07
99.28 -1.95571932421636e-07
99.32000000000001 -1.9525706521650693e-07
99.36 -1.9494283141940166e-07
99.4 -1.9462922950188764e-07
99.44 -1.9431625793983391e-07
99.48 -1.9400391521339622e-07
99.52 -1.9369219980700436e-07
99.56 -1.9338111020934745e-07
99.60000000000001 -1.9307064491336103e-07
99.64 -1.9276080241621315e-07
99.68 -1.924515812192904e-07
99.72 -1.9214297982818517e-07
99.76 -1.918349967526813e-07
99.8 -1.915276305067415e-07
99.84 -1.9122087960849325e-07
99.88 -1.9091474258021598e-07
99.92 -1.9060921794832732e-07
99.96000000000001 -1.903043042433703e-07
100.0 -1.9e-07
